19med2 - Feuer - rot
group|7060111,5667000,6961947,7939982,127131,254930,5710565,6682907
ws|0|0.00
group|7132841
ws|1|5.00
group|7060111,5667000,6961947,7939982,127131,254930,5710565,6682907
ws|0|0.50
group|7060111,5667000
walk|5|1.00
group|6961947,7939982,5710565,6682907
walk|4|1.00
group|127131,254930
walk|3|3.00
group|7060111,5667000,6961947,7939982,127131,254930,5710565,6682907
ws|1|2.00
stop|2|5.65
group|7060111,5667000
jump|1|1.00
cheer|1|2.75
group|6961947,7060111,5667000
jump|2|1.25
cheer|1|2.75
group|127131,6961947,7060111,5667000
jump|3|1.50
cheer|1|2.75
group|254930,127131,6961947,7060111,5667000
jump|4|1.75
cheer|1|2.75
group|7939982,254930,127131,6961947,7060111,5667000,5710565,6682907
jump|5|2.50
cheer|1|2.75
ws|1|0.50
treadwaterturnleft|1|3.80
group|7060111,5667000
jump|3|1.50
cheer|1|0.00
group|6961947
jump|3|1.50
cheer|1|0.00
group|127131
jump|3|1.50
cheer|1|0.00
group|254930
jump|3|1.50
cheer|1|0.00
group|7939982,5710565,6682907
jump|3|1.50
cheer|1|2.75
group|7939982,254930,127131,6961947,7060111,5667000,5710565,6682907
ws|1|0.50
treadwaterturnleft|1|3.80
group|7060111,5667000
jump|5|2.50
cheer|1|2.75
group|6961947,7060111,5667000
jump|4|2.00
cheer|1|2.75
group|127131,6961947,7060111,5667000
jump|3|1.50
cheer|1|2.75
group|254930,127131,6961947,7060111,5667000
jump|2|1.00
cheer|1|2.75
group|7939982,254930,127131,6961947,7060111,5667000,5710565,6682907
jump|1|1.00
cheer|1|2.75
ws|1|0.50
treadwaterturnleft|1|3.80
walk|1|1.75
ws|18|0.50
stop|2|5.65
treadwaterturnleft|1|3.80
group|7060111,5667000
jump|5|0.50
group|6961947
jump|5|0.50
group|127131
jump|5|0.50
group|254930
jump|5|0.50
group|7939982,5710565,6682907
jump|5|2.50
group|7939982,254930,127131,6961947,7060111,5667000,5710565,6682907
ws|18|0.50
treadwaterturnleft|1|3.80
group|7060111,5667000
jump|3|1.50
group|6961947,7060111,5667000
jump|3|1.50
group|127131,6961947,7060111,5667000
jump|3|1.50
group|254930,127131,6961947,7060111,5667000
jump|3|1.50
group|7939982,254930,127131,6961947,7060111,5667000,5710565,6682907
jump|3|1.50
ws|18|0.50
treadwaterturnleft|1|3.80
back|1|2.00
wallslide|1|1.40
ws|1|0.50
group|7060111,5667000
jump|1|1.00
group|6961947,7060111,5667000
jump|1|1.00
group|127131,6961947,7060111,5667000
jump|1|1.00
group|254930,127131,6961947,7060111,5667000
jump|1|1.00
group|7939982,254930,127131,6961947,7060111,5667000,5710565,6682907
jump|1|1.50
treadwaterturnleft|1|3.80
ws|1|0.50
walk|1|1.75
ws|18|0.50
rot|z|180|0.50
walk|1|1.75
group|7060111,5667000
jump|1|1.00
stop|2|3.10
group|6961947
jump|2|1.25
stop|2|3.10
group|127131
jump|3|1.50
stop|2|3.10
group|254930
jump|4|1.75
stop|2|3.10
group|7939982,5710565,6682907
jump|5|2.50
stop|2|5.65
group|7939982,254930,127131,6961947,7060111,5667000,5710565,6682907
treadwaterturnleft|1|3.80
ws|1|0.50
jump|5|2.00
jump|4|1.75
jump|3|1.50
jump|2|1.25
jump|1|1.00
ws|1|0.50
group|7132841
ws|2|0.00
group|7939982,254930,127131,6961947,7060111,5667000,5710565,6682907
kneel|1|5.00
ws|2|0.50
group|7060111,5667000
walk|5|1.00
group|6961947,7939982,5710565,6682907
walk|4|0.00
group|127131,254930
walk|3|3.00
group|7060111,5667000,6961947,7939982,127131,254930,5710565,6682907
ws|0|1.00
restoreme|19med3|1.00
ENDE