9moul1 - Three little Birds - 
group|137998,7881034,8068100,8315178,127131,7060111,6961947,5667000,7939982,115763
ws|1|0.50
salute|1|3.00
stepleft|1|1.40
stepright|1|1.40
group|8315178,137998,7881034,8068100,115763
lookaround|1|1.00
group|127131,7060111,6961947,5667000,7939982
stepleft|1|1.30
stepright|1|1.30
turnleft|1|3.00
group|8315178,137998,7881034,8068100,115763
peer|1|2.40
group|127131,7060111,6961947,5667000,7939982
stepright|1|1.30
stepleft|1|1.30
turnright|1|1.50
group|8315178,137998,7881034,8068100,115763
crossarms|1|3.90
group|127131,7060111,6961947,5667000,7939982
stepleft|1|1.30
stepright|1|1.30
turnleft|1|2.00
group|8315178,137998,7881034,8068100,115763
stop|2|3.40
group|127131,7060111,6961947,5667000,7939982
stepright|1|1.30
stepleft|1|1.30
turnright|1|1.00
group|8315178,137998,7881034,8068100,115763
thumbsup|1|4.40
group|137998,7881034,8068100,8315178,127131,7060111,6961947,5667000,7939982,115763
stepleft|1|1.30
stepright|1|1.30
turnleft|1|5.40
point|1|5.20
group|8315178,137998,7881034,8068100,115763
peer|1|0.50
group|127131,7060111,6961947,5667000,7939982
stepright|1|1.30
stepleft|1|1.30
turnright|1|3.00
group|8315178,137998,7881034,8068100,115763
callme|1|2.40
group|127131,7060111,6961947,5667000,7939982
stepleft|1|1.30
stepright|1|1.30
turnleft|1|0.40
group|8315178,137998,7881034,8068100,115763
tapfoot|1|5.00
group|127131,7060111,6961947,5667000,7939982
stepright|1|1.30
stepleft|1|1.30
turnright|1|0.40
group|8315178,137998,7881034,8068100,115763
laugh|1|5.00
group|127131,7060111,6961947,5667000,7939982
stepleft|1|1.30
stepright|1|1.30
turnleft|1|0.50
group|8315178,137998,7881034,8068100,115763
overhere|1|4.90
group|127131,7060111,6961947,5667000,7939982
stepright|1|1.30
stepleft|1|1.30
turnright|1|0.50
group|8315178,137998,7881034,8068100,115763
beckonbig|1|4.90
group|127131,7060111,6961947,5667000,7939982
stepleft|1|1.30
stepright|1|1.30
turnleft|1|0.40
group|8315178,137998,7881034,8068100,115763
groan|1|3.00
groundimpact|1|2.00
group|137998,7881034,8068100,8315178,127131,7060111,6961947,5667000,7939982,115763
stepright|1|1.30
stepleft|1|1.30
turnright|1|5.40
point|1|5.20
group|8315178,137998,7881034,8068100,115763
lookaround|1|0.50
group|127131,7060111,6961947,5667000,7939982
stepleft|1|1.30
stepright|1|1.30
turnleft|1|3.40
group|8315178,137998,7881034,8068100,115763
peer|1|2.00
group|127131,7060111,6961947,5667000,7939982
stepright|1|1.30
stepleft|1|1.30
turnright|1|0.50
group|8315178,137998,7881034,8068100,115763
crossarms|1|4.90
group|127131,7060111,6961947,5667000,7939982
stepleft|1|1.30
stepright|1|1.30
turnleft|1|1.00
group|8315178,137998,7881034,8068100,115763
stop|2|4.40
group|127131,7060111,6961947,5667000,7939982
stepright|1|1.30
stepleft|1|1.30
turnright|1|0.50
group|8315178,137998,7881034,8068100,115763
thumbsup|1|4.90
group|137998,7881034,8068100,8315178,127131,7060111,6961947,5667000,7939982,115763
kneel|1|10.00
ws|99|1.00
group|6961947
restoreme|9moul2ca|0.00
group|8068100
restoreme|9moul2et|0.00
group|7939982
restoreme|9moul2cl|0.00
group|8315178
restoreme|9moul2ro|0.00
group|7881034,115763
restoreme|9moul2wi|0.00
group|127131
restoreme|9moul2lu|0.00
group|137998
restoreme|9moul2ma|0.00
group|7060111,5667000
restoreme|9moul2ae|0.00
ENDE Tanz 1




