Halloween3 - Anordnung beliebig
group|5667000,7132841,254640,60590,49430,6551797,7996663,191657,7087621,60279,59273,7004783,7517653,7227499,137998,9445,133403,124468,4082721,1448872,21552,407208,4502269,115763,7060111,6583813,177149,7327507,537336,7853705,7172637,24418,6961947,7939982
beckonsmall|1|3.00
thumbsdown2|1|3.50
beckonsmall|1|3.00
fall|1|1.60
laugh|1|4.50
fall|1|1.60
turnleft|1|6.50
cringe|1|2.60
groan|1|2.90
cringe|1|2.60
fall|1|1.60
laugh|1|4.50
fall|1|1.60
turnright|1|6.50
cheer|1|3.30
ENDE