halloween2 - Anordnung beliebig
group|5667000,7132841,254640,60590,49430,6551797,7996663,191657,7087621,60279,59273,7004783,7517653,7227499,137998,9445,133403,124468,4082721,1448872,21552,407208,4502269,115763,7060111,6583813,177149,7327507,537336,7853705,7172637,24418,6961947,7939982
float|0|0.50
swimbackward|1|2.30
walk|1|1.50
treadwaterturnleft|1|4.00
taunt|1|4.30
shoo|1|3.10
point|1|5.20
cheer|1|3.30
rot|z|90|0.50
groundimpact|1|2.00
rot|z|90|0.50
cheer|1|3.30
rot|z|90|0.50
groundimpact|1|2.00
rot|z|90|0.50
cheer|1|3.30
swimbackward|1|2.30
walk|1|1.50
treadwaterturnleft|1|4.00
crazy|1|3.70
doh|1|4.00
land|0.50
ENDE