mav
group|137998,254640,115763,133403,6583813,5667000,254930,5710565,7060111,7227499,2975513
ws|1|0.50
cheer|2|3.30
salute|1|2.90
beckonbig|1|3.00
walk|1|1.50
stepleft|1|1.30
stepright|1|1.30
crazy|1|3.70
cringe|2|4.70
cower|1|4.10
shoo|1|3.10
shrug|2|4.00
kneel|6.00
ws|2|5.00
stop|2|5.65
crossarms|2|16.50
flinch|2|4.60
laugh|1|4.50
shoo|1|3.10
point|1|5.20
laugh|1|4.50
taunt|1|4.50
turnleft|1|5.40
walk|1|1.50
back|1|1.90
stepleft|1|1.30
stepright|1|1.30
kneel|1|6.00
ws|3|5.00
laugh|1|4.50
group|5667000,254930,5710565,7060111,7227499,2975513
stop|2|3.50
group|137998,254640,115763,133403,6583813
fall|2|2.20
group|5667000,254930,5710565,7060111,7227499,2975513
salute|2|1.00
group|137998,254640,115763,133403,6583813
doh|2|7.40
group|5667000,254930,5710565,7060111,7227499,2975513
laugh|2|0.50
group|137998,254640,115763,133403,6583813
winded|1|8.60
group|5667000,254930,5710565,7060111,7227499,2975513
back|2|0.50
group|137998,254640,115763,133403,6583813
walk|2|2.50
group|5667000,254930,5710565,7060111,7227499,2975513
stepright|1|0.30
group|137998,254640,115763,133403,6583813
stepleft|1|1.30
group|5667000,254930,5710565,7060111,7227499,2975513
walk|1|0.50
group|137998,254640,115763,133403,6583813
back|1|1.90
group|5667000,254930,5710565,7060111,7227499,2975513
back|1|0.60
group|137998,254640,115763,133403,6583813
stepright|1|1.30
group|5667000,254930,5710565,7060111,7227499,2975513
fall|2|0.70
group|137998,254640,115763,133403,6583813
walk|1|1.50
group|137998,254640,115763,133403,6583813,5667000,254930,5710565,7060111,7227499,2975513
kneel|1|7.00
ws|4|5.00
group|5667000,254930,5710565,7060111,7227499,2975513
point|1|0.50
group|137998,254640,115763,133403,6583813
amazed|1|5.20
group|5667000,254930,5710565,7060111,7227499,2975513
salute|1|0.50
group|137998,254640,115763,133403,6583813
askquestion|1|10.50
group|5667000,254930,5710565,7060111,7227499,2975513
shrug|1|0.50
group|137998,254640,115763,133403,6583813
doh|1|3.90
group|5667000,254930,5710565,7060111,7227499,2975513
doh|1|0.70
group|137998,254640,115763,133403,6583813
shrug|1|2.20
group|5667000,254930,5710565,7060111,7227499,2975513
no|1|0.50
group|137998,254640,115763,133403,6583813
agree|1|3.20
group|5667000,254930,5710565,7060111,7227499,2975513
cringe|1|0.20
group|137998,254640,115763,133403,6583813
stop|1|3.20
group|5667000,254930,5710565,7060111,7227499,2975513
okay|1|0.50
group|137998,254640,115763,133403,6583813
tapfoot|1|4.90
group|5667000,254930,5710565,7060111,7227499,2975513
taunt|1|0.50
group|137998,254640,115763,133403,6583813
stepleft|1|4.80
group|5667000,254930,5710565,7060111,7227499,2975513
laugh|1|3.20
group|137998,254640,115763,133403,6583813
stepright|1|1.30
group|137998,254640,115763,133403,6583813,5667000,254930,5710565,7060111,7227499,2975513
salute|1|2.90
kneel|1|7.00
ws|5|5.00
point|1|5.20
doh|1|3.90
shoo|1|3.10
fall|1|1.60
back|2|2.80
stepleft|1|1.30
stepright|1|1.30
fall|1|1.60
shoo|1|3.10
thumbsup|2|5.40
thx|2|5.50
laugh|1|4.50
lookaround|1|6.50
turnleft|1|5.40
salute|1|2.90
groan|1|2.90
talkhand|2|8.90
walk|2|2.50
salute|1|2.90
shoo|2|5.50
fall|1|1.60
taunt|1|4.30
amazed|1|5.20
cheer|1|3.30
kneel|1|7.00
ws|6|5.00
amazed|1|5.20
callme|1|3.90
group|5667000,254930,5710565,7060111,7227499,2975513
back|1|0.40
group|137998,254640,115763,133403,6583813
walk|1|1.50
group|5667000,254930,5710565,7060111,7227499,2975513
doh|1|2.30
group|137998,254640,115763,133403,6583813
fall|1|1.60
group|5667000,254930,5710565,7060111,7227499,2975513
shoo|1|1.00
group|137998,254640,115763,133403,6583813
shrug|1|2.20
group|5667000,254930,5710565,7060111,7227499,2975513
crazy|1|0.50
group|137998,254640,115763,133403,6583813
cower|1|4.10
group|5667000,254930,5710565,7060111,7227499,2975513
cower|1|0.40
group|137998,254640,115763,133403,6583813
crazy|1|3.70
group|5667000,254930,5710565,7060111,7227499,2975513
doh|1|0.40
group|137998,254640,115763,133403,6583813
cry|1|4.60
group|5667000,254930,5710565,7060111,7227499,2975513
shoo|1|0.40
group|137998,254640,115763,133403,6583813
amazed|1|5.20
group|5667000,254930,5710565,7060111,7227499,2975513
shrug|1|0.40
group|137998,254640,115763,133403,6583813
flinch|1|2.50
group|5667000,254930,5710565,7060111,7227499,2975513
agree|1|0.40
group|137998,254640,115763,133403,6583813
okay|1|3.10
group|137998,254640,115763,133403,6583813,5667000,254930,5710565,7060111,7227499,2975513
thx|1|3.10
bow|1|5.00
Ende






