MED - - Mother Earth Day Show komplett
loadstruct|med1|10.00
group|137998,254640,115763,133403,6583813,5667000,254930,5710565,7060111,7227499,2975513,7172637
ws|1|0.50
group|5667000,254930,5710565,7060111,7227499,2975513
stepleft|3|0.50
group|137998,254640,115763,133403,6583813,7172637
tapfoot|1|3.50
group|5667000,254930,5710565,7060111,7227499,2975513
walk|1|1.50
stepright|3|3.50
back|1|1.90
wallslide|1|1.20
ws|1|0.50
group|137998,254640,115763,133403,6583813,7172637
walk|1|1.50
walk|1|1.50
stepleft|3|0.50
group|5667000,254930,5710565,7060111,7227499,2975513
peer|1|3.50
group|137998,254640,115763,133403,6583813,7172637
stepright|3|3.50
back|1|1.90
wallslide|1|1.20
back|1|1.90
wallslide|1|1.20
ws|1|0.50
group|5667000,254930,5710565,7060111,7227499,2975513
turnleft|1|0.50
group|137998,254640,115763,133403,6583813,7172637
kneel|1|5.00
group|5667000,254930,5710565,7060111,7227499,2975513
rot|z|180|1.00
talkhand|1|4.50
stop|1|3.20
turnleft|1|0.50
group|137998,254640,115763,133403,6583813,7172637
shrug|1|5.00
group|5667000,254930,5710565,7060111,7227499,2975513
rot|z|180|1.00
ws|1|0.50
walk|1|1.50
stepleft|3|3.50
stepright|3|3.50
turnleft|1|5.40
rot|z|180|1.00
peer|1|5.00
shrug|1|2.20
walk|1|1.50
rot|z|180|1.00
ws|1|0.50
group|137998,254640,115763,133403,6583813,7172637
walk|1|1.50
walk|1|1.50
stepleft|3|3.50
stepright|3|3.50
turnleft|1|5.50
rot|z|180|1.00
peer|1|6.00
shrug|1|2.20
walk|1|1.50
walk|1|1.50
rot|z|180|1.00
ws|1|0.50
group|137998,254640,115763,133403,6583813,5667000,254930,5710565,7060111,7227499,2975513,7172637
stepleft|2|2.50
stepright|2|2.50
ws|1|1.00
stepright|2|2.50
stepleft|2|2.50
ws|1|0.50
walk|1|1.50
crazy|1|3.70
talkhand|2|8.90
stepleft|2|2.50
back|1|1.90
wallslide|1|1.50
stepright|2|2.50
ws|1|0.50
stepleft|3|3.50
stepright|3|3.50
ws|1|1.00
stepright|2|2.50
stepleft|2|2.50
ws|1|0.50
walk|1|1.50
stop|1|3.20
cringe|1|2.60
shoo|1|3.20
back|1|1.90
wallslide|1|1.50
ws|1|0.50
stepleft|3|3.50
walk|1|1.50
stepright|3|3.50
back|1|1.90
wallslide|1|1.50
ws|1|0.50
stepleft|2|2.50
walk|1|1.50
stepright|2|2.50
back|1|1.90
wallslide|1|1.50
ws|1|0.50
stop|1|3.20
cringe|1|2.60
shoo|1|3.20
kneel|1|7.00
ws|2|15.00
group|137998,254640,115763,133403,6583813,5667000,254930,5710565,7060111,7227499,2975513
ws|2|0.50
walk|1|1.50
stepright|2|2.50
back|1|1.90
stepleft|2|2.50
wallslide|1|1.20
ws|2|0.50
stepleft|2|2.50
walk|1|1.50
stepright|2|2.50
back|1|1.90
wallslide|1|1.20
ws|2|0.50
walk|1|1.50
stepleft|2|2.50
walk|1|1.50
stepleft|2|2.50
wallslide|1|1.20
back|1|1.90
stepright|2|2.50
back|1|1.90
wallslide|1|1.20
stepright|2|2.50
ws|2|0.50
walk|1|1.50
stepleft|2|2.50
back|1|1.90
stepright|2|2.50
wallslide|1|1.20
ws|2|0.50
walk|1|1.50
stepright|2|2.50
walk|1|1.50
stepleft|2|2.50
back|1|1.90
wallslide|1|1.20
turnleft|1|5.40
back|1|1.90
wallslide|1|1.20
ws|2|0.50
walk|1|1.50
stepright|2|2.50
back|1|1.90
wallslide|1|1.20
stepleft|2|2.50
ws|2|0.50
walk|1|1.50
back|1|1.90
stepright|2|2.50
stepleft|2|2.50
wallslide|1|1.20
ws|2|0.50
walk|1|1.50
back|1|1.90
stepright|2|2.50
walk|1|1.50
back|1|1.90
stepleft|2|2.50
wallslide|1|1.20
wallslide|1|1.20
ws|2|0.50
stepright|2|2.50
stepright|2|3.00
stepleft|2|2.50
stepleft|2|2.50
ws|2|0.50
walk|1|1.50
stepright|2|2.50
back|1|1.90
stepleft|2|2.50
wallslide|1|1.20
ws|2|0.50
walk|1|1.50
stepright|2|2.50
walk|1|1.50
stepleft|2|2.50
back|1|1.90
wallslide|1|1.20
wallslide|1|1.20
back|1|1.90
ws|2|0.50
stepleft|2|2.50
stepright|2|3.00
stepright|2|2.50
stepleft|2|2.50
ws|2|0.50
walk|1|1.50
back|1|1.90
wallslide|1|1.20
ws|2|0.50
kneel|1|7.00
ws|3|15.00
group|137998,254640,115763,133403,6583813,5667000,254930,5710565,7060111,7227499,2975513,7172637
ws|3|0.50
walk|1|1.50
ws|0|0.50
talkhand|2|8.90
taunt|1|4.50
back|1|1.90
wallslide|1|1.20
ws|3|0.50
stepright|2|2.50
stepleft|2|3.00
ws|3|0.50
stepleft|2|2.50
stepright|2|2.50
ws|3|0.50
peer|1|6.00
stepright|2|2.50
stepleft|2|3.00
ws|3|0.50
stepleft|2|2.50
stepright|2|2.50
ws|3|0.50
tapfoot|1|5.00
walk|1|1.50
ws|0|0.50
talkhand|2|8.90
stepright|2|2.50
stepleft|2|3.00
ws|0|0.50
stepleft|2|2.50
stepright|2|2.50
ws|0|0.50
talkhand|2|8.90
back|1|1.90
wallslide|1|1.20
ws|3|0.50
peer|1|6.00
stepright|2|2.50
stepleft|2|2.50
ws|3|0.50
walk|1|1.50
ws|0|0.50
stepleft|2|2.50
stepright|2|2.50
ws|0|0.50
peer|1|6.00
stepright|2|2.50
stepleft|2|2.50
ws|0|0.50
talkhand|2|8.90
back|1|1.90
wallslide|1|1.20
ws|3|0.50
stepright|2|2.50
stepleft|2|2.50
ws|3|0.50
walk|1|1.50
ws|0|0.50
taunt|1|4.50
back|1|1.90
wallslide|1|1.20
ws|3|0.50
stepright|2|2.50
stepleft|2|2.50
ws|3|0.50
stepright|2|2.50
stepleft|2|2.50
ws|3|0.50
walk|1|1.50
ws|0|0.50
talkhand|2|9.00
back|1|1.90
wallslide|1|1.20
ws|3|0.50
group|5667000,254930,5710565,7060111,7227499,2975513
turnleft|1|1.00
group|137998,254640,115763,133403,6583813,7172637
kneel|1|6.50
group|137998,254640,115763,133403,6583813,5667000,254930,5710565,7060111,7227499,2975513,7172637
talkhand|2|9.00
ws|3|1.00
kneel|1|7.00
ws|4|5.00
loadstruct|med4|15.00
group|137998,254640,115763,133403,6583813,5667000,254930,5710565,7060111,7227499,2975513,7172637
ws|4|0.50
group|133403,7172637
salute|1|2.90
tapfoot|1|4.90
point|1|1.00
group|137998,254640,115763,6583813
bow|1|1.00
group|5667000,254930,5710565,7060111,7227499,2975513
agree|1|3.30
group|137998,254640,115763,6583813,5667000,254930,5710565,7060111,7227499,2975513
stepleft|3|3.30
rot|z|90|1.50
stepleft|3|3.30
group|137998,254640,115763,133403,6583813,5667000,254930,5710565,7060111,7227499,2975513,7172637
groan|1|2.90
group|137998,254640,115763,6583813,5667000,254930,5710565,7060111,7227499,2975513
stepleft|3|3.30
rot|z|90|1.50
stepleft|3|3.30
group|137998,254640,115763,133403,6583813,5667000,254930,5710565,7060111,7227499,2975513,7172637
groan|1|2.90
group|137998,254640,115763,6583813,5667000,254930,5710565,7060111,7227499,2975513
stepleft|3|3.30
rot|z|90|1.50
stepleft|3|3.30
group|137998,254640,115763,133403,6583813,5667000,254930,5710565,7060111,7227499,2975513,7172637
groan|1|2.90
group|137998,254640,115763,6583813,5667000,254930,5710565,7060111,7227499,2975513
stepleft|3|3.30
rot|z|90|1.50
stepleft|3|3.30
ws|4|0.50
group|137998,254640,115763,133403,6583813,5667000,254930,5710565,7060111,7227499,2975513,7172637
groan|1|2.90
group|133403,7172637
doh|1|3.90
laugh|1|1.00
group|137998,254640,115763,6583813
kneel|1|0.70
group|5667000,254930,5710565,7060111,7227499,2975513
turnleft|1|5.40
group|137998,254640,115763,6583813,5667000,254930,5710565,7060111,7227499,2975513
stepleft|2|2.10
walk|1|1.50
back|1|2.00
wallslide|1|1.80
stepright|2|2.10
ws|4|0.50
group|137998,254640,115763,133403,6583813,5667000,254930,5710565,7060111,7227499,2975513,7172637
talkhand|1|4.50
group|137998,254640,115763,6583813,5667000,254930,5710565,7060111,7227499,2975513
stepright|2|2.10
walk|1|1.50
back|1|2.00
wallslide|1|1.80
stepleft|2|2.10
ws|4|0.50
group|137998,254640,115763,133403,6583813,5667000,254930,5710565,7060111,7227499,2975513,7172637
talkhand|1|4.50
group|133403,7172637
tapfoot|1|4.90
point|1|1.00
group|137998,254640,115763,6583813,5667000,254930,5710565,7060111,7227499,2975513
stepleft|3|3.30
walk|1|1.50
rot|z|90|1.50
group|137998,254640,115763,133403,6583813,5667000,254930,5710565,7060111,7227499,2975513,7172637
peer|1|6.00
group|137998,254640,115763,6583813,5667000,254930,5710565,7060111,7227499,2975513
walk|1|1.50
rot|z|90|1.50
group|137998,254640,115763,133403,6583813,5667000,254930,5710565,7060111,7227499,2975513,7172637
peer|1|6.00
group|137998,254640,115763,6583813,5667000,254930,5710565,7060111,7227499,2975513
walk|1|1.50
rot|z|90|1.50
group|137998,254640,115763,133403,6583813,5667000,254930,5710565,7060111,7227499,2975513,7172637
peer|1|6.00
group|137998,254640,115763,6583813,5667000,254930,5710565,7060111,7227499,2975513
walk|1|1.50
rot|z|90|1.50
group|137998,254640,115763,133403,6583813,5667000,254930,5710565,7060111,7227499,2975513,7172637
peer|1|6.00
group|137998,254640,115763,6583813,5667000,254930,5710565,7060111,7227499,2975513
stepright|3|3.30
ws|4|0.50
group|133403,7172637
doh|1|3.90
laugh|1|1.00
group|137998,254640,115763,6583813
kneel|1|1.00
group|5667000,254930,5710565,7060111,7227499,2975513
turnleft|1|5.40
group|137998,254640,115763,133403,6583813,5667000,254930,5710565,7060111,7227499,2975513,7172637
point|1|4.50
group|137998,254640,115763,6583813,5667000,254930,5710565,7060111,7227499,2975513
ws|4|0.50
stepright|3|3.30
rot|z|-90|1.50
stepright|3|3.30
group|137998,254640,115763,133403,6583813,5667000,254930,5710565,7060111,7227499,2975513,7172637
wavelow|1|2.50
group|137998,254640,115763,6583813,5667000,254930,5710565,7060111,7227499,2975513
stepright|3|3.30
rot|z|-90|1.50
stepright|3|3.30
group|137998,254640,115763,133403,6583813,5667000,254930,5710565,7060111,7227499,2975513,7172637
wavelow|1|2.50
group|137998,254640,115763,6583813,5667000,254930,5710565,7060111,7227499,2975513
stepright|3|3.30
rot|z|-90|1.50
stepright|3|3.30
group|137998,254640,115763,133403,6583813,5667000,254930,5710565,7060111,7227499,2975513,7172637
wavelow|1|2.50
group|137998,254640,115763,6583813,5667000,254930,5710565,7060111,7227499,2975513
stepright|3|3.30
rot|z|-90|1.50
stepright|3|3.30
group|137998,254640,115763,133403,6583813,5667000,254930,5710565,7060111,7227499,2975513,7172637
wavelow|1|2.50
group|133403,7172637
tapfoot|1|4.90
point|1|1.00
group|137998,254640,115763,6583813
kneel|1|1.00
group|5667000,254930,5710565,7060111,7227499,2975513
turnleft|1|5.40
group|137998,254640,115763,133403,6583813,5667000,254930,5710565,7060111,7227499,2975513,7172637
laugh|1|4.50
kneel|1|7.00
ws|5|5.00
loadstruct|med5|15.00
group|137998,254640,115763,133403,6583813,5667000,254930,5710565,7060111,7227499,2975513,7172637
ws|5|0.50
walk|1|1.50
walk|1|1.50
bow|1|4.27
back|1|1.90
wallslide|1|1.80
back|1|1.90
wallslide|1|1.80
ws|5|0.50
bow|1|4.27
walk|1|1.50
walk|1|1.50
stepleft|2|2.50
stepleft|2|2.50
back|1|1.90
wallslide|1|1.80
back|1|1.90
wallslide|1|1.80
stepright|2|2.50
stepright|2|2.50
ws|5|0.50
walk|1|1.50
kneel|1|7.00
bow|2|9.54
overhere|1|8.59
ENDE





















