MED4 - - Mother Earth Day Show Tanz 4
group|5667000,254930,5710565,7060111,7327507,137998,254640,115763,7172637
ws|4|0.50
group|7172637
salute|1|2.90
tapfoot|1|4.90
point|1|1.00
group|137998,254640,115763
bow|1|1.00
group|5667000,254930,5710565,7060111,7327507
agree|1|3.30
group|5667000,254930,5710565,7060111,7327507,137998,254640,115763
stepleft|3|3.30
rot|z|90|1.50
stepleft|3|3.30
group|5667000,254930,5710565,7060111,7327507,137998,254640,115763,7172637
groan|1|2.90
group|5667000,254930,5710565,7060111,7327507,137998,254640,115763
stepleft|3|3.30
rot|z|90|1.50
stepleft|3|3.30
group|5667000,254930,5710565,7060111,7327507,137998,254640,115763,7172637
groan|1|2.90
group|5667000,254930,5710565,7060111,7327507,137998,254640,115763
stepleft|3|3.30
rot|z|90|1.50
stepleft|3|3.30
group|5667000,254930,5710565,7060111,7327507,137998,254640,115763,7172637
groan|1|2.90
group|5667000,254930,5710565,7060111,7327507,137998,254640,115763
stepleft|3|3.30
rot|z|90|1.50
stepleft|3|3.30
ws|4|0.50
group|5667000,254930,5710565,7060111,7327507,137998,254640,115763,7172637
groan|1|2.90
group|7172637
doh|1|3.90
laugh|1|1.00
group|137998,254640,115763
kneel|1|0.70
group|5667000,254930,5710565,7060111,7327507
turnleft|1|5.40
group|5667000,254930,5710565,7060111,7327507,137998,254640,115763
stepleft|2|2.10
walk|1|1.50
back|1|2.00
wallslide|1|1.80
stepright|2|2.10
ws|4|0.50
group|5667000,254930,5710565,7060111,7327507,137998,254640,115763,7172637
talkhand|1|4.50
group|5667000,254930,5710565,7060111,7327507,137998,254640,115763
stepright|2|2.10
walk|1|1.50
back|1|2.00
wallslide|1|1.80
stepleft|2|2.10
ws|4|0.50
group|5667000,254930,5710565,7060111,7327507,137998,254640,115763,7172637
talkhand|1|4.50
group|7172637
tapfoot|1|4.90
point|1|1.00
group|5667000,254930,5710565,7060111,7327507,137998,254640,115763
stepleft|3|3.30
walk|1|1.50
rot|z|90|1.50
group|5667000,254930,5710565,7060111,7327507,137998,254640,115763,7172637
peer|1|6.00
group|5667000,254930,5710565,7060111,7327507,137998,254640,115763
walk|1|1.50
rot|z|90|1.50
group|5667000,254930,5710565,7060111,7327507,137998,254640,115763,7172637
peer|1|6.00
group|5667000,254930,5710565,7060111,7327507,137998,254640,115763
walk|1|1.50
rot|z|90|1.50
group|5667000,254930,5710565,7060111,7327507,137998,254640,115763,7172637
peer|1|6.00
group|5667000,254930,5710565,7060111,7327507,137998,254640,115763
walk|1|1.50
rot|z|90|1.50
group|5667000,254930,5710565,7060111,7327507,137998,254640,115763,7172637
peer|1|6.00
group|5667000,254930,5710565,7060111,7327507,137998,254640,115763
stepright|3|3.30
ws|4|0.50
group|7172637
doh|1|3.90
laugh|1|1.00
group|137998,254640,115763
kneel|1|1.00
group|5667000,254930,5710565,7060111,7327507
turnleft|1|5.40
group|5667000,254930,5710565,7060111,7327507,137998,254640,115763,7172637
point|1|4.50
group|5667000,254930,5710565,7060111,7327507,137998,254640,115763
ws|4|0.50
stepright|3|3.30
rot|z|-90|1.50
stepright|3|3.30
group|5667000,254930,5710565,7060111,7327507,137998,254640,115763,7172637
wavelow|1|2.50
group|5667000,254930,5710565,7060111,7327507,137998,254640,115763
stepright|3|3.30
rot|z|-90|1.50
stepright|3|3.30
group|5667000,254930,5710565,7060111,7327507,137998,254640,115763,7172637
wavelow|1|2.50
group|5667000,254930,5710565,7060111,7327507,137998,254640,115763
stepright|3|3.30
rot|z|-90|1.50
stepright|3|3.30
group|5667000,254930,5710565,7060111,7327507,137998,254640,115763,7172637
wavelow|1|2.50
group|5667000,254930,5710565,7060111,7327507,137998,254640,115763
stepright|3|3.30
rot|z|-90|1.50
stepright|3|3.30
ws|4|0.50
group|5667000,254930,5710565,7060111,7327507,137998,254640,115763,7172637
wavelow|1|2.50
group|7172637
tapfoot|1|4.90
point|1|1.00
group|137998,254640,115763
kneel|1|1.00
group|5667000,254930,5710565,7060111,7327507
turnleft|1|5.40
group|5667000,254930,5710565,7060111,7327507,137998,254640,115763,7172637
laugh|1|4.50
kneel|1|7.00
ws|5|1.00
loadstruct|med5|1.00
ENDE