myst8 - 25.Jahrestag Myst - Tanz 8 Uru MOUL  2:08 / 2:47
group|137998,7881034,7172637,254640,7517653,7060111,6961947,5667000,7939982
ws|8|19.80
rot|z|180|0.50
turnleft|1|6.00
flinch|1|2.50
group|137998,7881034,7172637,254640
rot|x|80|1.00
group|7517653,7060111,6961947,5667000,7939982
cry|1|5.00
group|137998,7881034,7172637,254640
groan|1|3.50
group|137998,7881034,7172637,254640,7517653,7060111,6961947,5667000,7939982
cheer|1|3.50
ws|8|0.50
rot|z|180|0.50
wallslide|4|4.00
ws|81|0.50
group|254930,7517653,7060111,6961947,5667000,7939982
rot|z|180|1.00
ws|82|0.50
group|137998,7881034,7172637,254640,6559861
askquestion|1|1.00
group|254930,7517653,7060111,6961947,5667000,7939982
float|1|0.50
ladderup|2|4.00
ws|83|0.50
cheer|1|1.00
group|1261291
float|0.30|0.50
ws|8|2.00
turnleft|2|2.00
group|137998,7881034,7172637,254640,6559861
askquestion|1|2.00
group|254930,7517653,7060111,6961947,5667000,7939982
taunt|1|4.50
group|1261291
ws|99|0.50
nofloat|0.50
group|254930,7517653,7060111,6961947,5667000,7939982
cheer|1|3.50
ws|83|0.50
ladderdown|2|4.00
nofloat|1.00
group|137998,7881034,7172637,254640,7517653,7060111,6961947,5667000,7939982
ws|81|0.50
walk|1|1.50
talkhand|1|4.50
leanleft|1|4.50
leanright|1|4.50
wallslide|3|2.80
ws|81|0.50
rot|z|180|1.00
wallslide|4|4.00
ws|8|0.50
group|137998,7881034,7172637,254640,7517653,7060111,6961947,5667000,7939982
ws|84|0.50
group|6961947,254930
stepleft|6|1.00
group|137998,6559861
stepright|6|1.00
group|7881034
stepright|1|1.00
group|7939982
stepleft|1|1.00
group|5667000,7060111
stepright|4|1.00
group|7172637
stepleft|4|1.00
group|254640
stepright|2|1.00
group|7517653
stepleft|2|1.00
group|137998,7881034,7172637,254640,7517653,7060111,6961947,5667000,7939982
ws|85|0.50
laugh|1|4.50
group|137998,6961947
wallslide|2|2.00
group|137998,7881034,6961947,7939982
wallslide|2|2.00
wallslide|2|2.00
group|137998,7881034,6961947,7939982,5667000,7060111,7172637
wallslide|3|3.00
group|137998,7881034,7172637,254640,7517653,7060111,6961947,5667000,7939982
wallslide|2|2.00
ws|86|0.50
peer|1|6.00
runningjump|1|2.00
kneel|1|6.00
bow|2|4.50
thx|1|3.00
clap|1|10.00
ENDE