myst5 - 25.Jahrestag Myst - Tanz 5 Uru Gahreesen 2:52 / 4:08
group|137998,7881034,7172637,254640,7517653,7060111,6961947,5667000,7939982
ws|5|11.11
peer|1|6.00
salute|1|3.00
group|137998,7881034,7172637,254640
back|1|0.50
group|7517653,7060111,6961947,5667000,7939982
walk|1|1.50
ws|51|0.50
group|137998,7881034,7172637,254640
wallslide|1|1.50
ws|52|0.50
group|137998,7881034,7172637,254640,7517653,7060111,6961947,5667000,7939982
ladderup|1|2.50
fall|2|1.50
ladderup|1|2.50
fall|2|1.50
groan|1|3.00
stop|1|3.50
group|7517653,7060111,6961947,5667000,7939982
ws|51|0.50
back|1|0.50
group|137998,7881034,7172637,254640
ws|52|0.50
walk|1|1.50
ws|5|0.50
group|7517653,7060111,6961947,5667000,7939982
wallslide|1|1.50
ws|5|0.50
group|137998,7881034,7172637,254640
kneel|1|1.00
group|7517653,7060111,6961947,5667000,7939982
turnleft|1|5.50
group|137998,7881034,7172637,254640,7517653,7060111,6961947,5667000,7939982
ws|5|0.50
group|7517653,7060111,6961947,5667000,7939982
back|1|0.50
group|137998,7881034,7172637,254640
walk|1|1.50
ws|51|0.50
group|7517653,7060111,6961947,5667000,7939982
wallslide|1|1.50
ws|52|0.50
group|137998,7881034,7172637,254640,7517653,7060111,6961947,5667000,7939982
ladderup|1|2.50
fall|2|1.50
ladderup|1|2.50
fall|2|1.50
groan|1|3.00
stop|1|3.50
group|137998,7881034,7172637,254640
ws|51|0.50
back|1|0.50
group|7517653,7060111,6961947,5667000,7939982
ws|52|0.50
walk|1|1.50
ws|5|0.50
group|137998,7881034,7172637,254640
wallslide|1|1.50
ws|5|0.50
kneel|1|1.00
group|7517653,7060111,6961947,5667000,7939982
turnleft|1|5.50
group|137998,7881034,7172637,254640,7517653,7060111,6961947,5667000,7939982
ws|5|0.50
group|137998,7881034,7172637,254640
back|1|0.50
group|7517653,7060111,6961947,5667000,7939982
walk|1|1.50
ws|51|0.50
group|137998,7881034,7172637,254640
wallslide|1|1.50
ws|52|0.50
group|137998,7881034,7172637,254640,7517653,7060111,6961947,5667000,7939982
ladderup|1|2.50
fall|1|1.50
ladderup|1|2.50
fall|1|1.50
sheer|1|3.50
thumbsup2|1|3.50
group|7517653,7060111,6961947,5667000,7939982
ws|51|0.50
back|1|0.50
group|137998,7881034,7172637,254640
ws|52|0.50
walk|1|1.50
ws|5|0.50
group|7517653,7060111,6961947,5667000,7939982
wallslide|1|1.50
ws|5|0.50
group|137998,7881034,7172637,254640
kneel|1|1.00
group|7517653,7060111,6961947,5667000,7939982
turnleft|1|5.50
group|137998,7881034,7172637,254640,7517653,7060111,6961947,5667000,7939982
ws|5|0.50
group|7517653,7060111,6961947,5667000,7939982
back|1|0.50
group|137998,7881034,7172637,254640
walk|1|1.50
ws|51|0.50
group|7517653,7060111,6961947,5667000,7939982
wallslide|1|1.50
ws|52|0.50
group|137998,7881034,7172637,254640,7517653,7060111,6961947,5667000,7939982
ladderup|1|2.50
fall|1|1.50
ladderup|1|2.50
fall|1|1.50
sheer|1|3.50
thumbsup2|1|3.50
group|137998,7881034,7172637,254640
ws|51|0.50
back|1|0.50
group|7517653,7060111,6961947,5667000,7939982
ws|52|0.50
walk|1|1.50
ws|5|0.50
group|137998,7881034,7172637,254640
wallslide|1|1.50
ws|5|0.50
kneel|1|1.00
group|7517653,7060111,6961947,5667000,7939982
turnleft|1|5.50
group|137998,7881034,7172637,254640,7517653,7060111,6961947,5667000,7939982
ws|5|0.50
ladderup|1|2.50
fall|1|1.50
ladderup|1|2.50
fall2|1|1.50
sheer|1|3.50
thumbsup2|1|3.50
ws|5|0.50
walk|1|1.50
ws|51|0.50
salute|1|3.00
back|1|2.00
wallslide|1|1.50
ws|5|0.50
turnleft|1|5.50
salute|1|3.00
kneel|1|10.00
ws|99|1.00
group|137998
restoreme|25myst6ma|1.00
group|7172637
restoreme|25myst6ba|1.00
group|7881034
restoreme|25myst6ya|1.00
group|254640
restoreme|25myst6et|1.00
group|7060111
restoreme|25myst6ae|1.00
group|7517653
restoreme|25myst6lo|1.00
group|6961947
restoreme|25myst6ca|1.00
group|7939982
restoreme|25myst6cl|1.00
ENDE Tanz 5