myst7 - 25.Jahrestag Myst - Tanz 7 Obduction 3:28 / 4:21
group|137998,7881034,7172637,254640,7517653,7060111,6961947,5667000,7939982
ws|7|11.02
talkhand|1|4.50
group|137998,7881034,7172637,254640
kneel|1|1.00
group|7517653,7060111,6961947,5667000,7939982
turnleft|1|5.50
group|137998,7881034,7172637,254640,7517653,7060111,6961947,5667000,7939982
stepleft|2|2.10
ws|71|0.50
walk|1|1.50
ws|72|0.50
wavelow|2|6.00
walk|1|1.50
back|1|2.00
wallslide|1|1.50
ws|72|0.50
wavelow|2|6.00
stepleft|2|2.10
ws|73|0.50
talkhand|1|4.50
group|137998,7881034,7172637,254640
kneel|1|1.00
group|7517653,7060111,6961947,5667000,7939982
turnleft|1|5.50
group|137998,7881034,7172637,254640,7517653,7060111,6961947,5667000,7939982
stepright|2|2.10
ws|72|0.50
walk|1|1.50
stepleft|2|2.10
ws|7|0.50
point|1|5.50
group|137998,7881034,7172637,254640
bow|1|1.00
group|7517653,7060111,6961947,5667000,7939982
treadwaterturnleft|1|4.00
group|137998,7881034,7172637,254640,7517653,7060111,6961947,5667000,7939982
stepleft|2|2.10
ws|71|0.50
walk|1|1.50
ws|72|0.50
taunt|1|4.50
walk|1|1.50
back|1|2.00
wallslide|1|1.50
ws|72|0.50
stepleft|2|2.10
ws|73|0.50
taunt|1|4.50
point|1|5.50
stepright|2|2.10
ws|72|0.50
group|137998,7881034,7172637,254640
bow|1|1.00
group|7517653,7060111,6961947,5667000,7939982
treadwaterturnleft|1|4.00
group|137998,7881034,7172637,254640,7517653,7060111,6961947,5667000,7939982
ws|72|0.50
walk|1|1.50
stepleft|2|2.10
ws|7|0.50
leanleft|1|4.50
group|137998,7881034,7172637,254640
kneel|1|1.00
group|7517653,7060111,6961947,5667000,7939982
turnleft|1|5.50
group|137998,7881034,7172637,254640,7517653,7060111,6961947,5667000,7939982
stepleft|2|2.10
ws|71|0.50
walk|1|1.50
ws|72|0.50
stop|1|3.50
walk|1|1.50
back|1|2.00
wallslide|1|1.50
ws|72|0.50
stepleft|2|2.10
ws|73|0.50
stop|1|3.50
leanleft|1|4.50
group|137998,7881034,7172637,254640
kneel|1|1.00
group|7517653,7060111,6961947,5667000,7939982
turnleft|1|5.50
group|137998,7881034,7172637,254640,7517653,7060111,6961947,5667000,7939982
stepright|2|2.10
ws|72|0.50
walk|1|1.50
stepleft|2|2.10
ws|7|0.50
peer|1|6.00
stepleft|2|2.10
ws|71|0.50
group|7517653,7060111,6961947,5667000,7939982
walk|1|1.50
ws|72|0.50
group|137998,7881034,7172637,254640
bow|1|1.00
group|7517653,7060111,6961947,5667000,7939982
treadwaterturnleft|1|4.00
walk|1|1.00
group|137998,7881034,7172637,254640
tapfoot|1|1.00
group|7517653,7060111,6961947,5667000,7939982
taunt|1|4.50
back|1|2.00
wallslide|1|1.50
ws|72|0.50
group|137998,7881034,7172637,254640
ws|71|0.50
group|137998,7881034,7172637,254640,7517653,7060111,6961947,5667000,7939982
taunt|1|4.50
group|137998,7881034,7172637,254640
bow|1|1.00
group|7517653,7060111,6961947,5667000,7939982
treadwaterturnleft|1|4.00
group|137998,7881034,7172637,254640,7517653,7060111,6961947,5667000,7939982
stop|2|6.00																													
kneel|1|10.00
ws|99|1.00
group|137998
restoreme|25myst8ma|1.00
group|7172637
restoreme|25myst8ba|1.00
group|7881034
restoreme|25myst8ya|1.00
group|254640
restoreme|25myst8et|1.00
group|7060111
restoreme|25myst8ae|1.00
group|7517653
restoreme|25myst8lo|1.00
group|6961947
restoreme|25myst8ca|1.00
group|7939982
restoreme|25myst8cl|1.00
ENDE Tanz 7
