anni8-2 Bolero Ravel 5:47
group|137998,115763,6583813,133403,7060111,5667000,254930,5710565,7227499
ws|2|0.50
group|7060111,5667000,254930,5710565,7227499
walk|2|3.08
stepleft|1|1.89
stepleft|2|2.94
stepright|3|3.99
group|137998,115763,6583813,133403
peer|1|1.01
stepright|1|1.95
stepright|1|1.98
stepleft|2|2.94
ws|2|0.50
group|137998,115763,6583813,133403,7060111,5667000,254930,5710565,7227499
stepleft|2|2.70
stepright|2|2.70
group|137998,115763,6583813,133403
beckonsmall|2|3.28
group|7060111,5667000,254930,5710565,7227499
back|1|2.16
wallslide|1|1.57
wallslide|1|1.65
back|1|2.23
ws|2|0.50
group|137998,115763,6583813,133403,7060111,5667000,254930,5710565,7227499
walk|2|2.90
stepright|1|1.71
stepright|2|2.77
stepleft|2|2.70
stepleft|1|1.70
group|7060111,5667000,254930,5710565,7227499
back|2|3.19
wallslide|2|1.71
ws|2|0.50
group|137998,115763,6583813,133403
stepright|1|1.71
stepleft|1|1.71
groan|2|3.93
group|7060111,5667000,254930,5710565,7227499
tapfoot|1|1.92
group|137998,115763,6583813,133403
back|1|2.16
wallslide|2|2.07
back|1|2.08
ws|2|0.50
group|7060111,5667000,254930,5710565,7227499
walk|2|2.65
group|137998,115763,6583813,133403
stepleft|1|1.71
stepleft|2|2.70
stepright|2|3.02
stepright|1|1.71
ws|2|0.50
group|7060111,5667000,254930,5710565,7227499
rot|z|180|1.00
turnleft|1|5.53
talkhand|1|0.97
group|137998,115763,6583813,133403
scratchhead|1|4.41
group|137998,115763,6583813,133403,7060111,5667000,254930,5710565,7227499
stepright|2|2.70
stepright|1|1.71
stepleft|2|2.70
stepleft|1|1.71
group|137998,115763,6583813,133403
beckonsmall|1|1.09
group|7060111,5667000,254930,5710565,7227499
walk|2|2.44
group|137998,115763,6583813,133403
thumbsup2|1|1.56
group|7060111,5667000,254930,5710565,7227499
rot|z|180|1.77
ws|2|0.50
group|137998,115763,6583813,133403
kneel|1|0.97
group|7060111,5667000,254930,5710565,7227499
turnleft|1|5.53
group|137998,115763,6583813,133403,7060111,5667000,254930,5710565,7227499
stepleft|3|3.65
stepright|1|1.71
stepright|2|2.88
ws|2|0.50
shrug|1|2.74
talkhand|1|4.99
walk|1|1.84
stepright|1|1.76
stepright|1|2.05
stepleft|2|2.97
cringe|1|3.05
back|1|2.20
wallslide|1|1.20
ws|2|0.50
wavelow|1|4.11
stepleft|3|3.93
stepright|3|3.51
ws|2|0.50
turnright|1|5.99
talkhand|1|5.45
group|7060111,5667000,254930,5710565,7227499
walk|1|2.14
group|137998,115763,6583813,133403
peer|1|3.58
group|7060111,5667000,254930,5710565,7227499
rot|z|180|1.03
shrug|1|3.21
rot|z|180|1.23
wallslide|2|2.00
ws|2|0.50
group|137998,115763,6583813,133403
tapfoot|1|1.60
group|7060111,5667000,254930,5710565,7227499
shrug|2|5.12
group|137998,115763,6583813,133403,7060111,5667000,254930,5710565,7227499
stepleft|2|2.72
stepleft|1|2.04
stepright|1|2.13
stepright|1|1.82
stepright|1|1.79
ws|2|0.50
talkhand|1|5.82
stepright|2|2.70
stepright|1|2.02
stepleft|2|2.73
stepleft|1|1.86
ws|2|0.50
groan|1|3.20
group|7060111,5667000,254930,5710565,7227499
turnleft|1|0.45
group|137998,115763,6583813,133403
kneel|1|6.00
group|137998,115763,6583813,133403,7060111,5667000,254930,5710565,7227499
talkhand|1|5.42
stepright|2|2.70
shrug|2|5.56
stepright|1|2.43
stepleft|3|4.06
ws|2|0.50
rot|z|-90|1.50
wallslide|1|1.79
rot|z|-90|1.50
wallslide|1|1.79
rot|z|-90|1.50
wallslide|1|1.79
rot|z|-90|1.50
wallslide|1|1.79
ws|2|0.50
taunt|1|4.23
stepleft|2|2.75
stepleft|1|1.97
stepright|1|1.97
stepright|3|3.38
stepleft|1|1.71
ws|2|0.50
stepleft|1|2.00
stepright|1|2.05
ws|2|0.50
stepleft|2|3.11
stepleft|1|1.71
stepright|3|3.81
ws|2|0.50
talkhand|1|5.47
kneel|1|7.00
ws|3|0.00
ENDE Tanz 2