anni8-3 Habanera Bizet 3:22
group|137998,115763,6583813,133403,7060111,5667000,254930,5710565,7227499
ws|3|0.50
group|137998,115763,6583813,133403
stepleft|1|1.80
stepleft|1|1.86
stepright|2|2.07
ws|3|0.50
group|7060111,5667000,254930,5710565,7227499
stepright|1|1.30
stepright|1|1.30
stepleft|2|2.07
ws|3|0.50
group|137998,115763,6583813,133403
stepright|1|1.30
group|7060111,5667000,254930,5710565,7227499
stepleft|2|2.07
stepright|2|2.07
ws|3|0.50
group|137998,115763,6583813,133403
stepleft|1|1.30
ws|3|0.50
group|7060111,5667000,254930,5710565,7227499
stepright|1|1.30
stepright|1|1.30
stepleft|1|1.30
group|137998,115763,6583813,133403
stepright|1|1.50
group|7060111,5667000,254930,5710565,7227499
stepleft|1|1.30
stepleft|1|1.30
stepright|1|1.30
ws|3|0.50
group|137998,115763,6583813,133403
stepleft|1|1.30
ws|3|0.50
group|137998,115763,6583813,133403,7060111,5667000,254930,5710565,7227499
stepleft|1|1.30
groan|2|5.76
stepright|3|3.20
groan|1|2.88
stepleft|2|2.50
ws|3|0.50
shoo|1|3.01
stepleft|1|1.30
talkhand|1|4.41
stepright|1|1.30
ws|3|0.50
stepright|2|2.50
stepleft|2|2.50
ws|3|0.50
shrug|1|2.20
stepleft|2|2.50
stepright|2|2.50
ws|3|0.50
group|137998,115763,6583813,133403
stepright|2|2.50
stepleft|2|2.07
ws|3|0.50
group|7060111,5667000,254930,5710565,7227499
stepright|2|2.50
stepleft|2|2.07
ws|3|0.50
group|137998,115763,6583813,133403,7060111,5667000,254930,5710565,7227499
walk|1|1.48
stepleft|1|1.30
groan|1|2.88
wallslide|1|1.15
wallslide|1|1.15
wallslide|1|1.15
stepright|1|1.30
ws|3|0.50
stepleft|2|2.50
stepright|1|1.30
stepright|1|1.30
ws|3|0.50
beckonsmall|2|5.40
peer|1|6.50
stepleft|1|1.30
stepleft|1|1.30
stepleft|1|1.30
shoo|1|3.01
groan|1|2.88
stepright|1|1.30
stepright|1|1.30
groan|1|2.88
stepright|1|1.30
ws|3|0.50
shrug|1|2.20
shrug|1|2.20
group|137998,115763,6583813,133403
kneel|1|0.50
group|7060111,5667000,254930,5710565,7227499
turnleft|1|6.00
group|137998,115763,6583813,133403,7060111,5667000,254930,5710565,7227499
stepright|2|2.50
stepleft|2|2.50
ws|3|0.50
stepleft|1|1.30
stepright|1|1.30
ws|3|0.50
groan|1|2.88
stepright|2|2.50
stepleft|2|2.50
ws|3|0.50
group|137998,115763,6583813,133403
kneel|1|1.00
group|7060111,5667000,254930,5710565,7227499
turnleft|1|6.00
group|137998,115763,6583813,133403
turnright|1|1.00
group|7060111,5667000,254930,5710565,7227499
turnleft|1|5.40
group|137998,115763,6583813,133403,7060111,5667000,254930,5710565,7227499
kneel|1|7.00
ws|4|0.00
ENDE Tanz 3