spd - 188.05 - wenig Platz - Anordnung beliebig
group|137998,254640,115763,133403,6583813,5667000,254930,5710565,7060111,7227499,2975513,7172637
ws|0|0.50
salute|1|2.85
group|5667000,254930,5710565,7060111,7227499,2975513
stepleft|1|1.30
stepright|1|1.30
turnleft|1|1.00
group|137998,254640,115763,133403,6583813,7172637
thumbsup2|1|3.35
cheer|1|1.10
group|5667000,254930,5710565,7060111,7227499,2975513
stepright|1|1.30
stepleft|1|1.30
ws|0|0.50
turnright|1|1.00
group|137998,254640,115763,133403,6583813,7172637
tapfoot|1|4.40
group|5667000,254930,5710565,7060111,7227499,2975513
stepleft|1|1.30
stepright|1|1.30
turnleft|1|1.00
group|137998,254640,115763,133403,6583813,7172637
crossarms|1|4.40
group|5667000,254930,5710565,7060111,7227499,2975513
stepright|1|1.30
stepleft|1|1.30
ws|0|0.50
turnleft|1|1.40
group|137998,254640,115763,133403,6583813,7172637
talkhand|1|4.00
group|5667000,254930,5710565,7060111,7227499,2975513
stepleft|1|1.30
stepright|1|1.30
turnleft|1|2.40
group|137998,254640,115763,133403,6583813,7172637
salute|1|3.00
group|5667000,254930,5710565,7060111,7227499,2975513
stepright|1|1.30
stepleft|1|1.30
ws|0|0.50
turnright|1|0.50
group|137998,254640,115763,133403,6583813,7172637
point|1|5.20
group|137998,254640,115763,133403,6583813,5667000,254930,5710565,7060111,7227499,2975513,7172637
cheer|2|3.25
group|5667000,254930,5710565,7060111,7227499,2975513
stepleft|1|1.30
stepright|1|1.30
turnleft|1|2.40
group|137998,254640,115763,133403,6583813,7172637
beckonsmall|1|3.00
group|5667000,254930,5710565,7060111,7227499,2975513
stepright|1|1.30
stepleft|1|1.30
ws|0|0.50
turnright|1|1.10
group|137998,254640,115763,133403,6583813,7172637
leanleft|1|4.30
group|5667000,254930,5710565,7060111,7227499,2975513
stepleft|1|1.30
stepright|1|1.30
turnleft|1|1.10
group|137998,254640,115763,133403,6583813,7172637
leanright|1|4.30
group|5667000,254930,5710565,7060111,7227499,2975513
stepright|1|1.30
stepleft|1|1.30
ws|0|0.50
turnright|1|1.40
group|137998,254640,115763,133403,6583813,7172637
shrug|2|4.00
group|5667000,254930,5710565,7060111,7227499,2975513
stepleft|1|1.30
stepright|1|1.30
turnleft|1|1.50
group|137998,254640,115763,133403,6583813,7172637
doh|1|3.90
group|5667000,254930,5710565,7060111,7227499,2975513
stepright|1|1.30
stepleft|1|1.30
ws|0|0.50
turnright|1|0.50
group|137998,254640,115763,133403,6583813,7172637
peer|1|6.00
group|137998,254640,115763,133403,6583813,5667000,254930,5710565,7060111,7227499,2975513,7172637
cheer|2|3.25
stepleft|1|1.30
stepright|1|1.30
ws|0|0.50
turnleft|1|5.40
cringe|1|2.60
stepright|1|1.30
stepleft|1|1.30
ws|0|0.50
turnright|1|5.40
groan|2|3.00
stepleft|1|1.30
stepright|1|1.30
ws|0|0.50
turnleft|1|5.40
shoo|1|3.05
stepright|1|1.30
stepleft|1|1.30
ws|0|0.50
turnright|1|5.40
stop|1|3.20
stepleft|1|1.30
stepright|1|1.30
ws|0|0.50
turnleft|1|5.40
talkhand|1|4.50
stepright|1|1.30
stepleft|1|1.30
ws|0|0.50
turnright|1|5.40
groan|2|3.00
cheer|2|7.00
kneel|1|7.00
ENDE








