xmas2 - Dance around the Christmas Tree - schnell 1:21.68
group|5667000,7132841,254640,60590,49430,6551797,7996663,191657,7087621,60279,59273,7004783,7517653,7227499,137998,9445,133403,124468,4082721,1448872,21552,407208,4502269,115763,7060111,6583813,177149,7327507,537336,7853705,7172637,24418,6961947,7939982
overhere|1|5.00
turnleft|1|5.40
dance|1|14.85
turnright|1|5.40
cheer|2|6.50
swimbackward|1|2.30
walk|1|1.50
turnleft|1|5.40
dance|1|14.85
turnright|1|5.40
cheer|2|6.50
swimbackward|1|2.30
walk|1|1.50
kneel|1|4.85
ENDE
