
-0.6027394533157349;-0.7979380488395691;0.0;-49.398189544677734|0.7979380488395691;-0.6027394533157349;0.0;-105.94088745117188|0.0;0.0;1.0;2998.45263671875|0.0;0.0;0.0;1.0








-0.643747091293335;-0.7652388215065002;0.0;42.92574691772461|0.7652388215065002;-0.643747091293335;0.0;-165.9288330078125|0.0;0.0;1.0;-4967.69091796875|0.0;0.0;0.0;1.0
0.006084859371185303;-0.9999815821647644;0.0;74.91976928710938|0.9999815821647644;0.006084859371185303;0.0;-163.2941436767578|0.0;0.0;1.0;-4968.7490234375|0.0;0.0;0.0;1.0