022 Age Ahnonay_Mabe.txt
((1.0, 0.0, 0.0, -2.5), (0.0, 1.0, 0.0, -11.0), (0.0, 0.0, 1.0, 7.8), (0.0, 0.0, 0.0, 1.0))
((1.0, 0.0, 0.0, -2.5), (0.0, 1.0, 0.0, -11.0), (0.0, 0.0, 1.0, 12.6), (0.0, 0.0, 0.0, 1.0))
((1.0, 0.0, 0.0, 2.5), (0.0, 1.0, 0.0, -11.0), (0.0, 0.0, 1.0, 7.8), (0.0, 0.0, 0.0, 1.0))
((1.0, 0.0, 0.0, 2.5), (0.0, 1.0, 0.0, -11.0), (0.0, 0.0, 1.0, 12.6), (0.0, 0.0, 0.0, 1.0))
((1.0, 0.0, 0.0, -50.06255340576172), (0.0, 1.0, 0.0, -72.85294342041016), (0.0, 0.0, 1.0, -155.53428649902344), (0.0, 0.0, 0.0, 1.0))
((-0.0021795472130179405, 0.6995717287063599, 0.7145588994026184, 3.5), (-0.9999930262565613, 0.0006224021199159324, -0.0036595717538148165, -11.0), (-0.003004798199981451, -0.714561939239502, 0.6995656490325928, -5.0), (0.0, 0.0, 0.0, 1.0))
((-0.002179612871259451, 0.6995716691017151, 0.714559018611908, -3.5), (-0.9999930262565613, 0.0006223695818334818, -0.0036596106365323067, -11.0), (-0.0030048368498682976, -0.7145620584487915, 0.6995655298233032, -5.0), (0.0, 0.0, 0.0, 1.0))
((2.1124926206539385e-05, -0.6950072050094604, -0.7190030217170715, 0.0), (-1.0000001192092896, 2.6091374820680358e-05, -5.4935582738835365e-05, -11.0), (5.704229261027649e-05, 0.7190030217170715, -0.69500732421875, -5.0), (0.0, 0.0, 0.0, 1.0))
((2.1124926206539385e-05, -0.6950072050094604, -0.7190030217170715, -7.0), (-1.0000001192092896, 2.6091374820680358e-05, -5.4935582738835365e-05, -10.999999046325684), (5.704229261027649e-05, 0.7190030217170715, -0.69500732421875, -5.0), (0.0, 0.0, 0.0, 1.0))
((2.1157840819796547e-05, -0.6950072050094604, -0.7190029621124268, 7.0), (-1.0000001192092896, 2.612428943393752e-05, -5.4974381782813e-05, -11.0), (5.708109529223293e-05, 0.7190029621124268, -0.69500732421875, -5.0), (0.0, 0.0, 0.0, 1.0))
((1.0, 0.0, 0.0, 0.0), (0.0, 1.0, 0.0, -9.8), (0.0, 0.0, 1.0, 27.0), (0.0, 0.0, 0.0, 1.0))
((1.0, 0.0, 0.0, 0.0), (0.0, 1.0, 0.0, -9.8), (0.0, 0.0, 1.0, 22.0), (0.0, 0.0, 0.0, 1.0))
((1.0, 0.0, 0.0, 11.5), (0.0, 1.0, 0.0, -10.0), (0.0, 0.0, 1.0, 1.0), (0.0, 0.0, 0.0, 1.0))
((1.0, 0.0, 0.0, 9.5), (0.0, 1.0, 0.0, -10.0), (0.0, 0.0, 1.0, 2.0), (0.0, 0.0, 0.0, 1.0))
((1.0, 0.0, 0.0, 7.5), (0.0, 1.0, 0.0, -10.0), (0.0, 0.0, 1.0, 3.0), (0.0, 0.0, 0.0, 1.0))
((1.0, 0.0, 0.0, 0.0), (0.0, 1.0, 0.0, -10.0), (0.0, 0.0, 1.0, 16.3), (0.0, 0.0, 0.0, 1.0))
((1.0, 0.0, 0.0, 0.0), (0.0, 1.0, 0.0, -10.0), (0.0, 0.0, 1.0, 4.0), (0.0, 0.0, 0.0, 1.0))
((1.0, 0.0, 0.0, 0.0), (0.0, 1.0, 0.0, -10.0), (0.0, 0.0, 1.0, 33.0), (0.0, 0.0, 0.0, 1.0))
((3.422854177870249e-08, -0.0, -0.9999999403953552, -6.199999809265137), (0.0, 1.0, -0.0, -10.0), (0.9999999403953552, 0.0, 3.422854177870249e-08, 25.0), (0.0, 0.0, 0.0, 1.0))
((3.422854177870249e-08, -0.0, -0.9999999403953552, 6.199999809265137), (0.0, 1.0, -0.0, -10.0), (0.9999999403953552, 0.0, 3.422854177870249e-08, 25.0), (0.0, 0.0, 0.0, 1.0))
((1.0, 0.0, 0.0, -3.0), (0.0, 1.0, 0.0, -9.0), (0.0, 0.0, 1.0, -5.5), (0.0, 0.0, 0.0, 1.0))
((1.0, 0.0, 0.0, 3.0), (0.0, 1.0, 0.0, -9.0), (0.0, 0.0, 1.0, -5.5), (0.0, 0.0, 0.0, 1.0))
((1.0, 0.0, 0.0, 0.0), (0.0, 1.0, 0.0, -9.8), (0.0, 0.0, 1.0, 10.0), (0.0, 0.0, 0.0, 1.0))
((1.0, 0.0, 0.0, -6.0), (0.0, 1.0, 0.0, -9.0), (0.0, 0.0, 1.0, -5.5), (0.0, 0.0, 0.0, 1.0))
((1.0, 0.0, 0.0, 6.0), (0.0, 1.0, 0.0, -9.0), (0.0, 0.0, 1.0, -5.5), (0.0, 0.0, 0.0, 1.0))