8
MFace 0.988235294819 0.996078431606 1.0 0.160784319043 0.149019613862 0.164705887437
01_MLHand01_01 0.843137264252 0.0980392172933 0.0901960805058 1.0 1.0 1.0
01_MRHand01_01 1.0 0.964705884457 0.552941203117 1.0 1.0 1.0
MReward_HardHat 0.615686297417 0.509803950787 0.490196108818 0.937254965305 0.905882418156 0.313725501299
02_MTorso12_01 0.941176533699 0.945098102093 0.35686275363 0.0 0.313725501299 0.643137276173
03_MLFoot04_01 0.95294123888 0.976470649242 1.0 0.0941176488996 0.0941176488996 0.105882354081
03_MRFoot04_01 0.95294123888 0.976470649242 1.0 0.0941176488996 0.0941176488996 0.105882354081
02_MLegs01_02 0.898039281368 0.866666734219 0.227450996637 0.121568635106 0.117647066712 0.133333340287
0.84705889225 0.643137276173 0.494117677212
9
0.222723960876
1.0
0.521568655968
-0.694117665291
-0.00392156839371
-1.0
-1.0
1.0
-0.215686261654
4
0.0
0.0
0.188235297799
0.478431373835
0.512748599052
0
