9
FFace 0.415686279535 0.674509823322 0.568627476692 0.454901963472 0.847058832645 1.0
01_FLHand01_01 1.0 0.992156863213 0.984313726425 0.800000011921 0.0862745121121 0.0431372560561
01_FRHand01_01 1.0 0.992156863213 0.984313726425 0.800000011921 0.0862745121121 0.0431372560561
02_FLegs03_01 0.572549045086 0.996078491211 0.976470649242 0.662745118141 0.1254902035 0.0
03_FRFoot04_01 1.0 1.0 0.988235294819 0.984313726425 0.984313726425 1.0
03_FLFoot04_01 1.0 1.0 0.988235294819 0.984313726425 0.984313726425 1.0
FReward_HardHat 0.317647069693 0.137254908681 0.164705887437 0.517647087574 1.0 0.945098102093
Fan01_FTorso_BellyShirt 0.568627476692 1.0 0.968627512455 0.992156863213 0.996078431606 0.984313726425
02_FAcc_Earring03 1.0 1.0 1.0 1.0 1.0 1.0
0.847058832645 0.662745118141 0.51372551918
9
-0.152941152453
-0.0196078419685
-0.0431372523308
-0.0823529362679
-0.0431372523308
0.372549057007
-0.0901960730553
-0.0117647051811
0.035294175148
4
0.0
0.0
1.0
0.0
0.121568627656
1
