9
MFace 0.615686297417 0.674509823322 0.674509823322 1.0 1.0 1.0
03_MRHand_Suit 1.0 1.0 1.0 1.0 1.0 1.0
03_MTorso_Suit 1.0 1.0 1.0 1.0 1.0 1.0
03_MLegs_Suit 1.0 1.0 1.0 1.0 1.0 1.0
03_MLFoot_Suit 1.0 1.0 1.0 1.0 1.0 1.0
03_MRFoot_Suit 1.0 1.0 1.0 1.0 1.0 1.0
01_MHair01_04 1.0 1.0 1.0 1.0 1.0 1.0
MAccPlayerBook 1.0 1.0 1.0 1.0 1.0 1.0
MAccKI 1.0 1.0 1.0 1.0 1.0 1.0
0.941176474094 0.850980401039 0.701960802078
9
-0.0509803891182
-0.341176450253
-0.443137228489
-0.592156887054
-0.686274528503
-0.129411756992
-0.309803903103
-0.54509806633
-0.443137228489
4
0.0
0.152941182256
0.0
0.674509823322
0.509803950787
0
