8
MFace 0.988235294819 0.996078431606 1.0 0.160784319043 0.149019613862 0.164705887437
01_MLHand01_01 0.843137264252 0.0980392172933 0.0901960805058 1.0 1.0 1.0
01_MRHand01_01 1.0 0.964705884457 0.552941203117 1.0 1.0 1.0
01_MHair01_04 0.615686297417 0.509803950787 0.490196108818 0.964705884457 0.980392158031 1.0
03_MTorso14_01 0.0 0.270588248968 0.709803938866 0.988235354424 1.0 0.956862807274
01_MLegs01_01 0.074509806931 0.074509806931 0.0862745121121 0.121568635106 0.117647066712 0.133333340287
02_MLFoot03_01 0.0 0.282352954149 0.800000071526 0.0941176488996 0.0941176488996 0.105882354081
02_MRFoot03_01 0.0 0.282352954149 0.800000071526 0.0941176488996 0.0941176488996 0.105882354081
0.84705889225 0.643137276173 0.494117677212
9
0.222723960876
1.0
0.521568655968
-0.694117665291
-0.00392156839371
-1.0
-1.0
1.0
-0.215686261654
4
0.0
0.0
0.188235297799
0.478431373835
0.512748599052
0
