10
FFace 0.415686279535 0.674509823322 0.568627476692 0.454901963472 0.847058832645 1.0
01_FLHand01_01 1.0 0.992156863213 0.984313726425 0.800000011921 0.0862745121121 0.0431372560561
01_FRHand01_01 1.0 0.992156863213 0.984313726425 0.800000011921 0.0862745121121 0.0431372560561
03_FTorso15_01 0.32549020648 0.352941185236 1.0 0.992156863213 0.996078431606 0.984313726425
Icon_FHair_Swept1 0.317647069693 0.137254908681 0.164705887437 0.913725554943 0.352941185236 0.992156922817
02_FLegs03_01 0.380392193794 0.403921604156 1.0 0.662745118141 0.1254902035 0.0
02_ULFoot_Vans 0.419607877731 0.501960813999 1.0 0.984313726425 0.984313726425 1.0
02_URFoot_Vans 0.419607877731 0.501960813999 1.0 0.984313726425 0.984313726425 1.0
02_FAcc_Earring03 1.0 1.0 1.0 1.0 1.0 1.0
FAcc_FHair_Swept1 0.317647069693 0.137254908681 0.164705887437 0.913725554943 0.352941185236 0.992156922817
0.847058832645 0.662745118141 0.51372551918
9
-0.152941152453
-0.0196078419685
-0.0431372523308
-0.0823529362679
-0.0431372523308
0.372549057007
-0.0901960730553
-0.0117647051811
0.035294175148
4
0.0
0.0
1.0
0.0
0.121568627656
1
