8
MFace 0.988235294819 0.996078431606 1.0 0.160784319043 0.149019613862 0.164705887437
01_MLHand01_01 0.843137264252 0.0980392172933 0.0901960805058 1.0 1.0 1.0
01_MRHand01_01 1.0 0.964705884457 0.552941203117 1.0 1.0 1.0
02_MTorso12_01 0.250980407 0.0470588281751 0.890196144581 0.0 0.313725501299 0.643137276173
01_MHair01_04 0.615686297417 0.509803950787 0.490196108818 0.207843154669 0.525490224361 0.0627451017499
01_MLegs02_01 0.0823529437184 0.0823529437184 0.0941176563501 0.121568635106 0.117647066712 0.133333340287
03_LFoot_Van 0.149019613862 0.0117647070438 0.835294187069 0.0941176488996 0.0941176488996 0.105882354081
03_RFoot_Van 0.149019613862 0.0117647070438 0.835294187069 0.0941176488996 0.0941176488996 0.105882354081
0.84705889225 0.643137276173 0.494117677212
9
0.222723960876
1.0
0.521568655968
-0.694117665291
-0.00392156839371
-1.0
-1.0
1.0
-0.215686261654
4
0.0
0.0
0.188235297799
0.478431373835
0.512748599052
0
