11
FFace 0.615686297417 0.615686297417 0.584313750267 1.0 1.0 1.0
03_FLHand_Suit 1.0 1.0 1.0 1.0 1.0 1.0
03_FRHand_Suit 1.0 1.0 1.0 1.0 1.0 1.0
03_FTorso_Suit 1.0 1.0 1.0 1.0 1.0 1.0
03_FLegs_Suit 1.0 1.0 1.0 1.0 1.0 1.0
03_FLFoot_Suit 1.0 1.0 1.0 1.0 1.0 1.0
03_FRFoot_Suit 1.0 1.0 1.0 1.0 1.0 1.0
Icon_FHair_Swept1 1.0 1.0 1.0 1.0 1.0 1.0
FAcc_FHair_Swept1 1.0 1.0 1.0 1.0 1.0 1.0
FAccPlayerBook 1.0 1.0 1.0 1.0 1.0 1.0
FAccKI 1.0 1.0 1.0 1.0 1.0 1.0
0.941176474094 0.850980401039 0.701960802078
9
-0.271355479956
-0.819607853889
0.419607877731
-0.0196078419685
-0.129411756992
-0.0117647051811
-0.0431372523308
0.00392162799835
-0.027450978756
4
0.0
0.152941182256
0.0
0.674509823322
0.0643404349685
1
