9
FFace 0.415686279535 0.674509823322 0.568627476692 0.454901963472 0.847058832645 1.0
01_FLHand01_01 1.0 0.992156863213 0.984313726425 0.800000011921 0.0862745121121 0.0431372560561
01_FRHand01_01 1.0 0.992156863213 0.984313726425 0.800000011921 0.0862745121121 0.0431372560561
01_FLegs02_01 0.074509806931 0.074509806931 0.0862745121121 0.662745118141 0.1254902035 0.0
02_FLFoot03_01 0.1882353127 0.203921586275 0.972549080849 0.972549080849 0.972549080849 1.0
02_FRFoot03_01 0.1882353127 0.203921586275 0.972549080849 0.972549080849 0.972549080849 1.0
Icon_FHair_Swept1 0.317647069693 0.137254908681 0.164705887437 0.686274528503 0.870588243008 0.384313732386
01_FTorso01_05 0.00392156885937 0.29411765933 0.835294187069 0.666666686535 0.839215755463 0.29411765933
FAcc_FHair_Swept1 0.317647069693 0.137254908681 0.164705887437 0.686274528503 0.870588243008 0.384313732386
0.847058832645 0.662745118141 0.51372551918
9
-0.152941152453
-0.0196078419685
-0.0431372523308
-0.0823529362679
-0.0431372523308
0.372549057007
-0.0901960730553
-0.0117647051811
0.035294175148
4
0.0
0.0
1.0
0.0
0.121568627656
1
