11
MFace 0.466666668653 0.0156862754375 0.0117647061124 1.0 1.0 1.0
03_MRHand_Suit 1.0 1.0 1.0 1.0 1.0 1.0
03_MLHand_Suit 1.0 1.0 1.0 1.0 1.0 1.0
03_MLegs_Suit 1.0 1.0 1.0 1.0 1.0 1.0
03_MLFoot_Suit 1.0 1.0 1.0 1.0 1.0 1.0
03_MRFoot_Suit 1.0 1.0 1.0 1.0 1.0 1.0
03_MSweatshirt_Blank 0.690196096897 0.752941191196 0.0666666701436 1.0 1.0 1.0
02_MHAccGolfCap_01 0.556862771511 0.215686276555 0.113725490868 0.403921574354 0.674509823322 0.137254908681
MAccPlayerBook 1.0 1.0 1.0 1.0 1.0 1.0
MAccKI 1.0 1.0 1.0 1.0 1.0 1.0
01_MFaceHair02_01 0.556862771511 0.215686276555 0.113725490868 1.0 1.0 1.0
0.890196084976 0.666666686535 0.490196079016
9
-0.278431355953
-0.341176450253
-0.443137228489
-0.584313750267
-0.678431391716
-0.129411756992
-0.309803903103
-0.537254929543
-0.443137228489
4
0.0
0.152941182256
0.0
0.674509823322
0.407843142748
0
