10
MFace 0.290196090937 0.490196079016 0.0156862754375 0.988235294819 0.996078431606 0.988235294819
01_MLHand01_01 0.074509806931 0.074509806931 0.0862745121121 1.0 1.0 1.0
01_MRHand01_01 0.074509806931 0.074509806931 0.0862745121121 1.0 1.0 1.0
03_MTorso13_01 0.643137276173 0.0196078438312 0.0 0.960784375668 1.0 0.996078491211
03_MLegs02_01 0.0862745121121 0.0862745121121 0.0980392247438 0.0980392247438 0.0980392247438 0.109803929925
03_LFoot_Van 0.694117665291 0.0274509824812 0.0 0.396078437567 0.392156869173 0.376470595598
03_RFoot_Van 0.694117665291 0.0274509824812 0.0 0.396078437567 0.392156869173 0.376470595598
01_MHair01_01 0.458823531866 0.364705890417 0.349019616842 0.0 0.423529446125 0.764705955982
MAccPlayerBook 1.0 1.0 1.0 1.0 1.0 1.0
MAccKI 1.0 1.0 1.0 1.0 1.0 1.0
0.862745165825 0.647058844566 0.486274540424
9
-0.230182886124
-0.992156863213
-0.066666662693
-0.411764681339
-0.152941167355
-1.0
0.152941226959
0.686274528503
-0.0901960730553
4
0.0
0.192156866193
0.384313732386
0.419607847929
0.274509817362
0
