11
FFace 0.447058826685 0.705882370472 0.631372570992 0.470588237047 0.776470601559 0.364705890417
01_FLHand01_01 0.945098102093 0.992156922817 0.901960849762 1.0 1.0 1.0
01_FRHand01_01 0.945098102093 0.992156922817 0.901960849762 1.0 1.0 1.0
02_FHAccGolfCap_01 0.972549021244 0.874509811401 0.600000023842 0.121568635106 0.901960849762 0.843137323856
FTorso_Sweatshirt_Blank 0.0392156876624 0.831372618675 0.827451050282 0.996078491211 0.992156922817 1.0
02_FLegs03_01 0.976470649242 0.988235354424 1.0 1.0 1.0 1.0
02_FLFoot03_01 0.1254902035 0.894117712975 0.8156863451 1.0 0.964705944061 0.941176533699
02_FRFoot03_01 0.1254902035 0.894117712975 0.8156863451 1.0 0.964705944061 0.941176533699
FAccPlayerBook 1.0 1.0 1.0 1.0 1.0 1.0
FAccKI 1.0 1.0 1.0 1.0 1.0 1.0
02_FAcc_ANoEarring01 1.0 1.0 1.0 1.0 1.0 1.0
0.823529422283 0.627451002598 0.486274510622
9
-0.113725505769
-1.0
0.0980392694473
-0.0431372523308
0.521568655968
0.262745141983
0.160784363747
-0.0588235259056
-0.192156851292
4
0.0
0.0
0.305882364511
0.0941176488996
0.0
1
