12
FFace 0.447058826685 0.705882370472 0.631372570992 0.470588237047 0.776470601559 0.364705890417
01_FLHand01_01 0.839215755463 0.686274528503 0.121568635106 1.0 1.0 1.0
01_FRHand01_01 0.839215755463 0.686274528503 0.121568635106 1.0 1.0 1.0
Icon_FHair_Swept1 0.972549021244 0.874509811401 0.600000023842 0.737254917622 0.564705908298 0.0274509806186
02_FTorso11_01 0.560784339905 0.745098054409 0.149019613862 0.117647059262 0.360784322023 0.0549019612372
01_FLegs02_01 0.156862750649 0.403921604156 0.0392156876624 1.0 1.0 1.0
01_FLFoot01_01 0.137254908681 0.501960813999 0.0784313753247 0.396078437567 0.427450984716 0.470588237047
01_FRFoot01_01 0.137254908681 0.501960813999 0.0784313753247 0.396078437567 0.427450984716 0.470588237047
FAccPlayerBook 1.0 1.0 1.0 1.0 1.0 1.0
FAccKI 1.0 1.0 1.0 1.0 1.0 1.0
02_FAcc_Earring03 1.0 1.0 1.0 1.0 1.0 1.0
FAcc_FHair_Swept1 0.972549021244 0.874509811401 0.600000023842 0.737254917622 0.564705908298 0.0274509806186
0.823529422283 0.627451002598 0.486274510622
9
-0.113725505769
-1.0
0.0980392694473
-0.0431372523308
0.521568655968
0.262745141983
0.160784363747
-0.0588235259056
-0.192156851292
4
0.0
0.0
0.305882364511
0.0941176488996
0.0
1
