12
FFace 0.447058826685 0.705882370472 0.631372570992 0.470588237047 0.776470601559 0.364705890417
01_FLHand01_01 0.945098102093 0.992156922817 0.901960849762 1.0 1.0 1.0
01_FRHand01_01 0.945098102093 0.992156922817 0.901960849762 1.0 1.0 1.0
FReward_BBallJersey 0.694117665291 0.0117647070438 0.0 0.996078491211 0.992156922817 1.0
02_FLegs01_02 1.0 0.992156922817 0.98431378603 1.0 1.0 1.0
FReward_Pith 0.972549021244 0.874509811401 0.600000023842 0.698039233685 0.0313725508749 0.0
02_ULFoot_Vans 0.600000023842 0.0196078438312 0.0 0.396078437567 0.427450984716 0.470588237047
02_URFoot_Vans 0.600000023842 0.0196078438312 0.0 0.396078437567 0.427450984716 0.470588237047
FAcc_PithHelmet 0.972549021244 0.874509811401 0.600000023842 0.698039233685 0.0313725508749 0.0
02_FAcc_ANoEarring01 1.0 1.0 1.0 1.0 1.0 1.0
FAccPlayerBook 1.0 1.0 1.0 1.0 1.0 1.0
FAccKI 1.0 1.0 1.0 1.0 1.0 1.0
0.823529422283 0.627451002598 0.486274510622
9
-0.113725505769
-1.0
0.0980392694473
-0.0431372523308
0.521568655968
0.262745141983
0.160784363747
-0.0588235259056
-0.192156851292
4
0.0
0.0
0.305882364511
0.0941176488996
0.0
1
