12
FFace 0.447058826685 0.705882370472 0.631372570992 0.470588237047 0.776470601559 0.364705890417
01_FLHand01_01 0.945098102093 0.992156922817 0.901960849762 1.0 1.0 1.0
01_FRHand01_01 0.945098102093 0.992156922817 0.901960849762 1.0 1.0 1.0
02_FLegs01_02 0.192156881094 0.400000035763 0.0352941192687 1.0 1.0 1.0
FReward_Zandi 0.207843154669 0.51372551918 0.0549019649625 0.996078491211 0.992156922817 1.0
Icon_StrawHat 0.972549021244 0.874509811401 0.600000023842 1.0 0.917647123337 0.674509823322
02_FLFoot01_01 0.403921604156 0.717647075653 0.243137270212 1.0 0.964705944061 0.941176533699
02_FRFoot01_01 0.403921604156 0.717647075653 0.243137270212 1.0 0.964705944061 0.941176533699
FAccPlayerBook 1.0 1.0 1.0 1.0 1.0 1.0
FAccKI 1.0 1.0 1.0 1.0 1.0 1.0
02_FAcc_ANoEarring01 1.0 1.0 1.0 1.0 1.0 1.0
FAcc_StrawHat 0.972549021244 0.874509811401 0.600000023842 1.0 0.917647123337 0.674509823322
0.823529422283 0.627451002598 0.486274510622
9
-0.113725505769
-1.0
0.0980392694473
-0.0431372523308
0.521568655968
0.262745141983
0.160784363747
-0.0588235259056
-0.192156851292
4
0.0
0.0
0.305882364511
0.0941176488996
0.0
1
