12
MFace 0.529411792755 0.764705896378 0.223529413342 0.988235294819 0.996078431606 0.988235294819
01_MLHandGlove01_01 1.0 0.803921580315 0.549019634724 1.0 1.0 1.0
01_MRFoot01_01 0.972549080849 0.960784375668 0.423529446125 0.192156881094 0.486274540424 0.988235354424
01_MLFoot01_01 0.972549080849 0.960784375668 0.423529446125 0.192156881094 0.486274540424 0.988235354424
MReward_PubJacket 0.262745112181 0.560784339905 0.0705882385373 0.458823531866 0.0392156876624 0.0156862754375
01_MRHandGlove01_01 1.0 0.803921580315 0.549019634724 1.0 1.0 1.0
03_MHAcc_DniFace 0.458823531866 0.364705890417 0.349019616842 0.764705896378 0.686274528503 0.0431372560561
01_MLegs02_01 0.129411771894 0.133333340287 0.145098045468 0.1254902035 0.129411771894 0.141176477075
MAccPlayerBook 1.0 1.0 1.0 1.0 1.0 1.0
MAccKI 1.0 1.0 1.0 1.0 1.0 1.0
03_MAccGlasses03_01 0.988235294819 0.996078431606 0.988235294819 1.0 1.0 1.0
JBDniHelmet 0.458823531866 0.364705890417 0.349019616842 0.764705896378 0.686274528503 0.0431372560561
0.933333337307 0.776470601559 0.603921592236
9
0.0745098590851
-0.984313726425
-0.066666662693
-0.411764681339
-0.152941167355
-0.992156863213
0.152941226959
0.686274528503
-0.0901960730553
4
0.0
0.192156866193
0.384313732386
0.419607847929
0.51372551918
0
