10
MFace 0.290196090937 0.490196108818 0.0156862754375 0.988235294819 0.996078431606 0.988235294819
01_MRFoot01_01 0.568627476692 0.0156862754375 0.0 0.396078467369 0.392156898975 0.376470625401
01_MLFoot01_01 0.568627476692 0.0156862754375 0.0 0.396078467369 0.392156898975 0.376470625401
01_MLegs02_01 0.501960813999 0.0117647070438 0.0 0.1254902035 0.129411771894 0.141176477075
02_MTorso09_01 0.890196144581 0.227450996637 0.156862750649 0.458823531866 0.0392156876624 0.0156862754375
01_MLHand01_01 1.0 0.803921580315 0.549019634724 1.0 1.0 1.0
01_MRHand01_01 1.0 0.803921580315 0.549019634724 1.0 1.0 1.0
01_MHair01_01 0.458823531866 0.364705890417 0.349019616842 0.764705896378 0.686274528503 0.0431372560561
MAccPlayerBook 1.0 1.0 1.0 1.0 1.0 1.0
MAccKI 1.0 1.0 1.0 1.0 1.0 1.0
0.933333337307 0.776470601559 0.603921592236
9
0.0745098590851
-0.984313726425
-0.066666662693
-0.411764681339
-0.152941167355
-0.992156863213
0.152941226959
0.686274528503
-0.0901960730553
4
0.0
0.192156866193
0.384313732386
0.419607847929
0.278272807598
0
