8
MFace 0.290196090937 0.490196079016 0.0156862754375 0.988235294819 0.996078431606 0.988235294819
01_MLHand01_01 0.074509806931 0.074509806931 0.0862745121121 1.0 1.0 1.0
01_MRHand01_01 0.074509806931 0.074509806931 0.0862745121121 1.0 1.0 1.0
02_MLFoot03_01 0.180392161012 0.211764708161 0.972549021244 0.396078437567 0.392156869173 0.376470595598
02_MRFoot03_01 0.180392161012 0.211764708161 0.972549021244 0.396078437567 0.392156869173 0.376470595598
02_MHAccGolfCap_01 0.458823531866 0.364705890417 0.349019616842 0.152941182256 0.392156869173 0.976470589638
03_MTorso14_01 0.0392156876624 0.176470592618 0.89411765337 0.960784316063 1.0 0.996078431606
03_MLegs02_02 0.839215695858 0.86274510622 1.0 0.937254905701 1.0 0.992156863213
0.870588243008 0.658823549747 0.498039215803
9
-0.168627440929
-0.992156863213
-0.066666662693
-0.411764681339
-0.152941167355
-1.0
0.152941226959
0.686274528503
-0.0901960730553
4
0.0
0.192156866193
0.384313732386
0.419607847929
0.274509817362
0
