11
MFace 0.290196090937 0.490196108818 0.0156862754375 0.988235294819 0.996078431606 0.988235294819
01_MLHand01_01 1.0 0.803921580315 0.549019634724 1.0 1.0 1.0
01_MRHand01_01 1.0 0.803921580315 0.549019634724 1.0 1.0 1.0
MReward_BBallJersey 0.0784313753247 0.215686291456 0.929411828518 0.968627512455 0.992156922817 0.964705944061
02_MLegs01_02 0.960784375668 1.0 0.996078491211 0.1254902035 0.129411771894 0.141176477075
03_LFoot_Van 0.0 0.184313729405 0.768627524376 0.396078467369 0.392156898975 0.376470625401
03_RFoot_Van 0.0 0.184313729405 0.768627524376 0.396078467369 0.392156898975 0.376470625401
MReward_Pith 0.458823531866 0.364705890417 0.349019616842 0.117647066712 0.341176480055 0.960784375668
MAccPlayerBook 1.0 1.0 1.0 1.0 1.0 1.0
MAccKI 1.0 1.0 1.0 1.0 1.0 1.0
02_MAcc_PithHelmet 0.458823531866 0.364705890417 0.349019616842 0.117647066712 0.341176480055 0.960784375668
0.933333337307 0.776470601559 0.603921592236
9
0.0745098590851
-0.984313726425
-0.066666662693
-0.411764681339
-0.152941167355
-0.992156863213
0.152941226959
0.686274528503
-0.0901960730553
4
0.0
0.192156866193
0.384313732386
0.419607847929
0.278272807598
0
