10
MFace 0.290196090937 0.490196079016 0.0156862754375 0.988235294819 0.996078431606 0.988235294819
03_MHAccStrawHat_01 0.458823531866 0.364705890417 0.349019616842 1.0 0.980392217636 0.929411828518
MReward_Zandi 0.533333361149 0.149019613862 0.0 0.96862745285 0.992156863213 0.964705884457
02_MLFoot01_01 0.454901993275 0.223529428244 0.0117647070438 0.396078437567 0.392156869173 0.376470595598
02_MRFoot01_01 0.454901993275 0.223529428244 0.0117647070438 0.396078437567 0.392156869173 0.376470595598
02_MLegs03_01 0.61960786581 0.0901960805058 0.0 0.1254902035 0.129411771894 0.141176477075
01_MLHand01_01 1.0 0.803921580315 0.549019634724 1.0 1.0 1.0
01_MRHand01_01 1.0 0.803921580315 0.549019634724 1.0 1.0 1.0
MAccPlayerBook 1.0 1.0 1.0 1.0 1.0 1.0
MAccKI 1.0 1.0 1.0 1.0 1.0 1.0
0.8156863451 0.603921592236 0.466666698456
9
-0.230182886124
-0.992156863213
-0.066666662693
-0.411764681339
-0.152941167355
-1.0
0.152941226959
0.686274528503
-0.0901960730553
4
0.0
0.192156866193
0.384313732386
0.419607847929
0.274509817362
0
