12
FFace 0.43137255311 0.709803938866 0.623529434204 0.454901963472 0.847058832645 1.0
01_FLHand01_01 0.749019622803 0.0235294122249 0.0117647061124 0.800000011921 0.0862745121121 0.0431372560561
01_FRHand01_01 0.992156863213 1.0 0.956862747669 0.996078431606 0.992156863213 1.0
02_URFoot_Vans 0.61960786581 0.0274509824812 0.0 0.972549021244 0.972549021244 1.0
02_ULFoot_Vans 0.61960786581 0.0274509824812 0.0 0.972549021244 0.972549021244 1.0
03_FTorso15_01 0.666666686535 0.0235294140875 0.0 0.666666686535 0.839215695858 0.29411765933
01_FLegs02_01 0.0823529437184 0.0784313753247 0.0901960805058 0.0 0.145098045468 0.690196096897
Icon_FHair_Swept1 0.760784387589 0.654901981354 0.431372582912 0.686274528503 0.870588243008 0.384313732386
FAccKI 1.0 1.0 1.0 1.0 1.0 1.0
FAccPlayerBook 1.0 1.0 1.0 1.0 1.0 1.0
02_FAcc_Earring03 1.0 1.0 1.0 1.0 1.0 1.0
FAcc_FHair_Swept1 0.760784387589 0.654901981354 0.431372582912 0.686274528503 0.870588243008 0.384313732386
0.847058832645 0.662745118141 0.51372551918
9
-0.152941152453
-0.0196078419685
-0.0431372523308
-0.10588234663
-0.0431372523308
0.670588254929
0.145098090172
-0.0117647051811
0.035294175148
4
0.0
0.219607844949
0.639215707779
0.137254908681
0.0509803928435
1
