8
FFace 0.10196079313755035 0.0 0.6784313917160034 0.45490196347236633 0.8470588326454163 1.0
01_FLHand01_01 0.011764707043766975 0.02352941408753395 0.7490196228027344 0.9960784316062927 0.9921568632125854 1.0
01_FRHand01_01 0.011764707043766975 0.02352941408753395 0.7490196228027344 0.9960784316062927 0.9921568632125854 1.0
02_FLegs01_02 0.0 0.2823529541492462 0.5372549295425415 0.5137255191802979 0.05098039284348488 0.0
03_FLFoot04_01 0.007843137718737125 0.07058823853731155 0.8078432083129883 0.9725490212440491 0.9725490212440491 1.0
03_FRFoot04_01 0.007843137718737125 0.07058823853731155 0.8078432083129883 0.9725490212440491 0.9725490212440491 1.0
02_FHair12 0.545098066329956 0.7882353663444519 1.0 0.4941176474094391 0.07450980693101883 0.0
FReward_Atrus 0.3137255012989044 0.3960784375667572 1.0 0.6980392336845398 0.0313725508749485 0.0
0.0 0.5 0.800000011920929
9
0.822921633720398
-0.27941766381263733
0.3333333730697632
-0.41960781812667847
0.37254905700683594
0.3647059202194214
0.30980396270751953
-0.32549017667770386
0.43529415130615234
4
0.0
0.0
0.4901960790157318
0.0
0.054901961237192154
1
