10
FFace 0.40000003576278687 0.44705885648727417 1.0 1.0 1.0 1.0
01_FLHand01_01 0.3529411852359772 0.26274511218070984 0.9960784912109375 0.800000011920929 0.08627451211214066 0.04313725605607033
01_FRHand01_01 0.3529411852359772 0.26274511218070984 0.9960784912109375 0.800000011920929 0.08627451211214066 0.04313725605607033
Icon_FHair_Curly1 0.5647059082984924 0.5803921818733215 1.0 1.0 0.9764706492424011 0.6313725709915161
Fan01_FTorso_BellyShirt 0.4745098352432251 0.46274513006210327 1.0 0.32549020648002625 0.24313727021217346 0.7176470756530762
02_FLegs01_02 0.37254902720451355 0.35686275362968445 1.0 0.07058823853731155 0.07058823853731155 0.08627451211214066
03_FLFoot04_01 0.3764706254005432 0.3176470696926117 1.0 0.5568627715110779 0.3490196168422699 0.8666666746139526
03_FRFoot04_01 0.3764706254005432 0.3176470696926117 1.0 0.5568627715110779 0.3490196168422699 0.8666666746139526
02_FAcc_Choker02 1.0 1.0 1.0 1.0 1.0 1.0
FAcc_FHair_Curly1 0.5647059082984924 0.5803921818733215 1.0 1.0 0.9764706492424011 0.6313725709915161
1.0 1.0 1.0
9
0.5752888321876526
0.6313725709915161
0.3333333730697632
-0.41960781812667847
0.37254905700683594
0.6705882549285889
0.30980396270751953
0.5607843399047852
0.43529415130615234
4
0.0
0.11372549086809158
0.29411765933036804
0.05098039284348488
0.0
1
