11
MFace 0.6705882549285889 0.8666666746139526 1.0 0.40784314274787903 0.686274528503418 1.0
01_MLFoot01_01 0.4745098352432251 0.5058823823928833 0.5137255191802979 0.9647058844566345 0.8784313797950745 1.0
01_MRFoot01_01 0.4745098352432251 0.5058823823928833 0.5137255191802979 0.9647058844566345 0.8784313797950745 1.0
01_MLHand01_01 0.9960784316062927 0.8823529481887817 0.49803921580314636 1.0 1.0 1.0
01_MRHand01_01 0.9960784316062927 0.8823529481887817 0.49803921580314636 1.0 1.0 1.0
MReward_Backpack 0.2823529541492462 0.29019609093666077 0.2823529541492462 0.8313725590705872 0.5960784554481506 0.4117647111415863
03_MLegs02_01 0.8980392217636108 0.5215686559677124 0.37254902720451355 0.08627451211214066 0.08627451211214066 0.10196078568696976
MReward_Pith 0.95686274766922 0.772549033164978 0.4470588266849518 0.3490196168422699 0.37254902720451355 0.41960787773132324
02_MAcc_PithHelmet 0.95686274766922 0.772549033164978 0.4470588266849518 0.3490196168422699 0.37254902720451355 0.41960787773132324
MAccPlayerBook 1.0 1.0 1.0 1.0 1.0 1.0
MAccKI 1.0 1.0 1.0 1.0 1.0 1.0
0.8941176533699036 0.6784313917160034 0.5058823823928833
9
-0.091420017182827
-0.5686274766921997
-0.06666666269302368
-0.3960784077644348
-0.15294116735458374
-0.5764706134796143
0.15294122695922852
0.686274528503418
-0.09019607305526733
4
0.0
0.1921568661928177
0.3843137323856354
0.41960784792900085
0.25797131657600403
0
