9
MFace 0.07450980693101883 0.07450980693101883 0.08627451211214066 0.545098066329956 0.5843137502670288 0.5882353186607361
01_MLHand01_01 1.0 1.0 1.0 1.0 1.0 1.0
01_MRHand01_01 1.0 1.0 1.0 1.0 1.0 1.0
03_MLFoot04_01 0.0784313753247261 0.0784313753247261 0.09019608050584793 0.8352941274642944 0.16862745583057404 0.0784313753247261
03_MRFoot04_01 0.0784313753247261 0.0784313753247261 0.09019608050584793 0.8352941274642944 0.16862745583057404 0.0784313753247261
03_MTorso10_01 1.0 0.8509804606437683 0.7529412508010864 0.08235294371843338 0.08235294371843338 0.0941176488995552
02_MLegs01_02 0.5843137502670288 0.5254902243614197 0.4941176772117615 0.12941177189350128 0.12941177189350128 0.14901961386203766
03_MHAcc_DniFace 0.5333333611488342 0.960784375667572 0.9960784912109375 1.0 1.0 1.0
JBDniHelmet 0.5333333611488342 0.960784375667572 0.9960784912109375 1.0 1.0 1.0
0.0 0.5 0.800000011920929
9
0.5562403202056885
0.16078436374664307
-0.23137253522872925
-0.003921568393707275
1.0
-0.24705880880355835
-0.46666663885116577
-0.2862744927406311
0.3333333730697632
4
0.0
0.0
0.6901960968971252
0.30588236451148987
1.0
0
