10
FFace 0.8862745761871338 0.8784314393997192 0.22745099663734436 1.0 1.0 1.0
01_FLHand01_01 0.9137255549430847 0.9294118285179138 0.3137255012989044 0.800000011920929 0.08627451211214066 0.04313725605607033
01_FRHand01_01 0.9137255549430847 0.9294118285179138 0.3137255012989044 0.800000011920929 0.08627451211214066 0.04313725605607033
Icon_FHair_Curly1 0.9215686917304993 0.8705883026123047 0.3333333432674408 1.0 0.9764706492424011 0.6313725709915161
Fan01_FTorso_BellyShirt 0.9764706492424011 0.9529412388801575 0.4235294461250305 0.32549020648002625 0.24313727021217346 0.7176470756530762
02_FLegs01_02 0.9411765336990356 0.9254902601242065 0.3333333432674408 0.07058823853731155 0.07058823853731155 0.08627451211214066
03_FLFoot04_01 0.9137255549430847 0.8941177129745483 0.2705882489681244 0.5568627715110779 0.3490196168422699 0.8666666746139526
03_FRFoot04_01 0.9137255549430847 0.8941177129745483 0.2705882489681244 0.5568627715110779 0.3490196168422699 0.8666666746139526
FAcc_FHair_Curly1 0.9215686917304993 0.8705883026123047 0.3333333432674408 1.0 0.9764706492424011 0.6313725709915161
02_FAcc_Choker02 1.0 1.0 1.0 1.0 1.0 1.0
1.0 1.0 1.0
9
0.5752888321876526
0.6313725709915161
0.3333333730697632
-0.41960781812667847
0.37254905700683594
0.6705882549285889
0.30980396270751953
0.5607843399047852
0.43529415130615234
4
0.0
0.11372549086809158
0.29411765933036804
0.05098039284348488
0.0
1
