10
MFace 0.4862745404243469 0.6000000238418579 0.658823549747467 1.0 1.0 1.0
01_MLHand01_01 1.0 1.0 1.0 1.0 1.0 1.0
01_MRHand01_01 1.0 1.0 1.0 1.0 1.0 1.0
03_MHAcc_SuitHelmet 1.0 1.0 1.0 1.0 1.0 1.0
03_MTorso13_01 0.6901960968971252 0.7215686440467834 0.6000000238418579 0.125490203499794 0.12941177189350128 0.13725490868091583
02_MLegs01_01 0.7647059559822083 0.7254902124404907 0.6274510025978088 0.1411764770746231 0.48235297203063965 0.062745101749897
01_MLFoot01_01 1.0 1.0 1.0 1.0 1.0 1.0
01_MRFoot01_01 1.0 1.0 1.0 1.0 1.0 1.0
MAccPlayerBook 1.0 1.0 1.0 1.0 1.0 1.0
MAccKI 1.0 1.0 1.0 1.0 1.0 1.0
0.8705883026123047 0.6470588445663452 0.48235297203063965
9
-0.01522374153137207
1.0
-0.003921568393707275
-0.3176470398902893
-0.003921568393707275
-0.03529411554336548
0.686274528503418
-1.0
-1.0
4
0.0
0.15294118225574493
0.0
0.6745098233222961
0.40784314274787903
0
