10
MFace 0.125490203499794 0.12156862765550613 0.1411764770746231 0.0 0.2862745225429535 0.7372549176216125
01_MLHand01_01 1.0 1.0 1.0 1.0 1.0 1.0
01_MRHand01_01 0.5411764979362488 0.4627451002597809 0.0 1.0 1.0 1.0
02_MTorso09_01 0.27843138575553894 0.4274509847164154 0.9960784316062927 0.007843137718737125 0.03921568766236305 0.7764706015586853
02_MLegs01_02 0.0235294122248888 0.054901961237192154 0.8352941274642944 0.250980406999588 0.2549019753932953 0.33725491166114807
03_MLFoot04_01 1.0 0.9725490212440491 0.9411764740943909 0.14509804546833038 0.14509804546833038 0.16470588743686676
03_MRFoot04_01 1.0 0.9725490212440491 0.9411764740943909 0.14509804546833038 0.14509804546833038 0.16470588743686676
02_MHair02 0.20392157137393951 0.1882352977991104 0.1882352977991104 0.05882352963089943 0.2666666805744171 0.9176470637321472
MAccPlayerBook 1.0 1.0 1.0 1.0 1.0 1.0
MAccKI 1.0 1.0 1.0 1.0 1.0 1.0
0.772549033164978 0.5568627715110779 0.43529412150382996
9
0.5529412031173706
0.16078436374664307
-0.23137253522872925
-0.003921568393707275
1.0
-0.24705880880355835
-0.46666663885116577
-0.2862744927406311
0.3333333730697632
4
0.0
0.0
0.4901960790157318
0.0
0.054901961237192154
0
