12
FFace 0.1882353127002716 0.1882353127002716 0.21568629145622253 1.0 1.0 1.0
01_FLHand01_01 0.08627451211214066 0.08627451211214066 0.10196079313755035 0.800000011920929 0.08627451211214066 0.04313725605607033
01_FRHand01_01 0.08627451211214066 0.08627451211214066 0.10196079313755035 0.800000011920929 0.08627451211214066 0.04313725605607033
03_FLFoot04_01 0.09019608050584793 0.09019608050584793 0.10196079313755035 0.5568627715110779 0.3490196168422699 0.8666666746139526
03_FRFoot04_01 0.09019608050584793 0.09019608050584793 0.10196079313755035 0.5568627715110779 0.3490196168422699 0.8666666746139526
Icon_FHair_ShortMock1 0.1882353127002716 0.1764705926179886 0.1764705926179886 1.0 0.9764706492424011 0.6313725709915161
02_FTorso11_01 0.6313725709915161 0.07058823853731155 0.0 0.7921569347381592 0.08627451211214066 0.0313725508749485
02_FLegs01_01 0.7529412508010864 0.05490196496248245 0.011764707043766975 0.07058823853731155 0.07058823853731155 0.08627451211214066
FAcc_FHair_ShortMock1 0.1882353127002716 0.1764705926179886 0.1764705926179886 1.0 0.9764706492424011 0.6313725709915161
02_FAcc_Choker01 1.0 1.0 1.0 1.0 1.0 1.0
FAccPlayerBook 1.0 1.0 1.0 1.0 1.0 1.0
FAccKI 1.0 1.0 1.0 1.0 1.0 1.0
0.7215686440467834 0.5058823823928833 0.3921568989753723
9
0.5752888917922974
0.6313725709915161
0.3333333730697632
-0.41960781812667847
0.37254905700683594
0.6705882549285889
0.30980396270751953
0.5607843399047852
0.43529415130615234
4
0.0
0.11372549086809158
0.29411765933036804
0.05098039284348488
0.0
1
