9
MFace 0.0 0.13725490868091583 0.6549019813537598 1.0 1.0 1.0
01_MLHand01_01 1.0 1.0 1.0 1.0 1.0 1.0
01_MRHand01_01 1.0 1.0 1.0 1.0 1.0 1.0
03_MLFoot04_01 0.5254902243614197 0.5568627715110779 0.5568627715110779 1.0 1.0 1.0
03_MRFoot04_01 0.5254902243614197 0.5568627715110779 0.5568627715110779 1.0 1.0 1.0
02_MHair_Ponytail 0.5882353186607361 0.9450981020927429 1.0 1.0 1.0 1.0
03_MTorso_Suit 1.0 1.0 1.0 1.0 1.0 1.0
02_MLegs01_01 0.988235354423523 0.6901960968971252 0.43529415130615234 0.3333333432674408 0.3490196168422699 0.35686275362968445
01_MFaceHair04_01 0.5882353186607361 0.9450981020927429 1.0 1.0 1.0 1.0
0.0 0.5 0.800000011920929
9
0.6133858561515808
1.0
-0.003921568393707275
-0.3176470398902893
-0.003921568393707275
-0.03529411554336548
0.686274528503418
-1.0
-1.0
4
0.0
0.0
0.358318567276001
0.0
0.06706422567367554
0
