12
FFace 0.415686279535 0.674509823322 0.568627476692 0.454901963472 0.847058832645 1.0
01_FLHand01_01 0.749019622803 0.0235294122249 0.0117647061124 0.800000011921 0.0862745121121 0.0431372560561
01_FRHand01_01 0.749019622803 0.0235294122249 0.0117647061124 0.800000011921 0.0862745121121 0.0431372560561
02_FLFoot03_01 0.972549021244 0.945098042488 0.40000000596 0.984313726425 0.984313726425 1.0
02_FRFoot03_01 0.972549021244 0.945098042488 0.40000000596 0.984313726425 0.984313726425 1.0
01_FTorso01_01 0.956862747669 0.92549020052 0.35686275363 0.568627476692 0.0235294122249 0.0
01_FLegs02_01 0.941176474094 0.945098042488 0.35686275363 0.184313729405 0.192156866193 0.207843139768
Icon_FHair_Swept1 0.811764717102 0.752941191196 0.113725490868 0.988235294819 0.996078431606 1.0
FAcc_FHair_Swept1 0.811764717102 0.752941191196 0.113725490868 0.988235294819 0.996078431606 1.0
FAccPlayerBook 1.0 1.0 1.0 1.0 1.0 1.0
FAccKI 1.0 1.0 1.0 1.0 1.0 1.0
02_FAcc_Earring04 1.0 1.0 1.0 1.0 1.0 1.0
0.850980401039 0.678431391716 0.529411792755
9
0.0
0.0
0.0
0.0
0.0
0.0
0.0
0.0
0.0
4
0.0
0.176470592618
0.215686276555
0.364705890417
0.529411792755
1
