11
FFace 0.45098039507865906 0.27843138575553894 0.01568627543747425 1.0 1.0 1.0
01_FLHand01_01 0.615686297416687 0.3176470696926117 0.3137255012989044 0.9960784316062927 0.772549033164978 0.7411764860153198
01_FRHand01_01 0.615686297416687 0.3176470696926117 0.3137255012989044 0.9960784316062927 0.772549033164978 0.7411764860153198
Icon_FHair_Swept1 0.9960784316062927 0.7098039388656616 0.7058823704719543 0.4588235318660736 0.6627451181411743 0.0784313753247261
FReward_LHikingBoot 0.9882352948188782 1.0 0.9960784316062927 0.9882352948188782 0.9843137264251709 1.0
FReward_RHikingBoot 0.9882352948188782 1.0 0.9960784316062927 0.9882352948188782 0.9843137264251709 1.0
01_FLegs02_01 0.41960784792900085 0.6784313917160034 0.13333334028720856 0.5215686559677124 0.5647059082984924 1.0
03_FTorso06_01 0.9882352948188782 0.6274510025978088 0.6235294342041016 0.6901960968971252 0.843137264251709 0.2705882489681244
FAcc_FHair_Swept1 0.9960784316062927 0.7098039388656616 0.7058823704719543 0.4588235318660736 0.6627451181411743 0.0784313753247261
FAccPlayerBook 1.0 1.0 1.0 1.0 1.0 1.0
FAccKI 1.0 1.0 1.0 1.0 1.0 1.0
0.9215686321258545 0.729411780834198 0.501960813999176
9
0
0
0
0
0
0
0
0
0
4
0.0
0.1764705926179886
0.21568627655506134
0.364705890417099
0.529411792755127
1
