11
FFace 0.45098039507865906 0.27843138575553894 0.01568627543747425 1.0 1.0 1.0
01_FLHand01_01 0.615686297416687 0.3176470696926117 0.3137255012989044 0.9960784316062927 0.772549033164978 0.7411764860153198
01_FRHand01_01 0.615686297416687 0.3176470696926117 0.3137255012989044 0.9960784316062927 0.772549033164978 0.7411764860153198
FReward_RHikingBoot 0.9882352948188782 1.0 0.9960784316062927 0.9882352948188782 0.9843137264251709 1.0
FReward_LHikingBoot 0.9882352948188782 1.0 0.9960784316062927 0.9882352948188782 0.9843137264251709 1.0
Icon_FHair_Swept1 0.9960784316062927 0.6078431606292725 0.6000000238418579 0.4588235318660736 0.6627451181411743 0.0784313753247261
01_FLegs02_01 0.9764705896377563 0.572549045085907 0.5686274766921997 0.9803921580314636 0.6039215922355652 0.5960784554481506
FTorso_CautiousOptimism 0.9764705896377563 0.572549045085907 0.5686274766921997 1.0 0.7921568751335144 0.7921568751335144
FAcc_FHair_Swept1 0.9960784316062927 0.6078431606292725 0.6000000238418579 0.4588235318660736 0.6627451181411743 0.0784313753247261
FAccKI 1.0 1.0 1.0 1.0 1.0 1.0
FAccPlayerBook 1.0 1.0 1.0 1.0 1.0 1.0
0.9450980424880981 0.7803921699523926 0.6392157077789307
9
0
0
0
0
0
0
0
0
0
4
0.0
0.1764705926179886
0.21568627655506134
0.364705890417099
0.529411792755127
1
