11
MFace 0.40392157435417175 0.20392157137393951 0.0313725508749485 0.5372549295425415 0.3764705955982208 0.0
01_MLegs01_01 0.3686274588108063 0.38823530077934265 0.42352941632270813 0.08235294371843338 0.08235294371843338 0.0941176488995552
01_MLHand01_01 0.1411764770746231 0.14509804546833038 0.15294118225574493 1.0 1.0 1.0
01_MRHand01_01 0.1411764770746231 0.14509804546833038 0.15294118225574493 1.0 1.0 1.0
01_MHair01_03 0.4431372582912445 0.3450980484485626 0.3294117748737335 0.658823549747467 0.7607843279838562 0.4470588266849518
01_MLFoot01_01 0.8980392217636108 0.6078431606292725 0.21176470816135406 0.09803921729326248 0.09803921729326248 0.10980392247438431
01_MRFoot01_01 0.8980392217636108 0.6078431606292725 0.21176470816135406 0.09803921729326248 0.09803921729326248 0.10980392247438431
02_MTorso02_02 0.5411764979362488 0.6078431606292725 1.0 0.6666666865348816 0.0235294122248888 0.0
01_MAccGlasses02_01 0.5372549295425415 0.3764705955982208 0.0 1.0 1.0 1.0
MAccKI 1.0 1.0 1.0 1.0 1.0 1.0
MAccPlayerBook 1.0 1.0 1.0 1.0 1.0 1.0
0.9450980424880981 0.7764706015586853 0.6196078658103943
9
-0.27843135595321655
-0.34117645025253296
-0.4431372284889221
-0.6078431606292725
-0.7019608020782471
-0.1294117569923401
-0.30980390310287476
-0.5607843399047852
-0.4431372284889221
4
0.0
0.0
0.4901960790157318
0.0
0.054901961237192154
0
