12
FFace 0.45098039507865906 0.27843138575553894 0.01568627543747425 1.0 1.0 1.0
01_FLegs01_01 0.019607843831181526 0.32549020648002625 0.4470588266849518 0.07450980693101883 0.07450980693101883 0.08627451211214066
01_FLHand01_01 0.6549019813537598 0.0117647061124444 0.0 0.9960784316062927 0.772549033164978 0.7411764860153198
01_FRHand01_01 0.6549019813537598 0.0117647061124444 0.0 0.9960784316062927 0.772549033164978 0.7411764860153198
Icon_FHair_Swept1 0.9921568632125854 0.5568627715110779 0.5529412031173706 0.32549020648002625 0.615686297416687 0.0941176488995552
02_FTorso05_01 0.027450980618596077 0.29019609093666077 0.43529412150382996 0.0235294122248888 0.29411765933036804 0.43529412150382996
01_FLFoot01_01 0.0235294122248888 0.2666666805744171 0.43529412150382996 0.007843137718737125 0.27843138575553894 0.47843137383461
01_FRFoot01_01 0.0235294122248888 0.2666666805744171 0.43529412150382996 0.007843137718737125 0.27843138575553894 0.47843137383461
FAcc_FHair_Swept1 0.9921568632125854 0.5568627715110779 0.5529412031173706 0.32549020648002625 0.615686297416687 0.0941176488995552
FAccPlayerBook 1.0 1.0 1.0 1.0 1.0 1.0
FAccKI 1.0 1.0 1.0 1.0 1.0 1.0
02_FAcc_Choker02 1.0 1.0 1.0 1.0 1.0 1.0
0.9450980424880981 0.7803921699523926 0.6392157077789307
9
0
0
0
0
0
0
0
0
0
4
0.0
0.1764705926179886
0.21568627655506134
0.364705890417099
0.529411792755127
1
