12
FFace 0.45098039507865906 0.27843138575553894 0.01568627543747425 1.0 1.0 1.0
01_FLHand01_01 0.4431372582912445 0.027450980618596077 0.019607843831181526 0.9960784316062927 0.772549033164978 0.7411764860153198
01_FRHand01_01 0.4431372582912445 0.027450980618596077 0.019607843831181526 0.9960784316062927 0.772549033164978 0.7411764860153198
FLegs_CargoShorts_TwoToned 0.0 0.23137255012989044 0.5882353186607361 0.6549019813537598 0.30588236451148987 0.30588236451148987
03_FTorso13_01 0.34117648005485535 0.47058823704719543 0.6509804129600525 0.9764705896377563 0.572549045085907 0.5686274766921997
FReward_RHikingBoot 0.9803921580314636 0.6039215922355652 0.5960784554481506 0.01568627543747425 0.12941177189350128 0.4588235318660736
FReward_LHikingBoot 0.9803921580314636 0.6039215922355652 0.5960784554481506 0.01568627543747425 0.12941177189350128 0.4588235318660736
Icon_FHair_Swept1 0.9960784316062927 0.6627451181411743 0.6509804129600525 0.32549020648002625 0.615686297416687 0.0941176488995552
FAcc_FHair_Swept1 0.9960784316062927 0.6627451181411743 0.6509804129600525 0.32549020648002625 0.615686297416687 0.0941176488995552
FAccPlayerBook 1.0 1.0 1.0 1.0 1.0 1.0
FAccKI 1.0 1.0 1.0 1.0 1.0 1.0
02_FAcc_Choker02 1.0 1.0 1.0 1.0 1.0 1.0
0.9450980424880981 0.7803921699523926 0.6392157077789307
9
0
0
0
0
0
0
0
0
0
4
0.0
0.1764705926179886
0.21568627655506134
0.364705890417099
0.529411792755127
1
