10
MFace 0.976470589638 0.988235294819 1.0 1.0 1.0 1.0
01_MLHand01_01 0.843137264252 0.0980392172933 0.0901960805058 1.0 1.0 1.0
01_MRHand01_01 0.843137264252 0.0980392172933 0.0901960805058 1.0 1.0 1.0
01_MTorso01_01 0.0235294140875 0.109803929925 0.866666734219 1.0 1.0 1.0
03_MRFoot04_01 0.976470589638 0.972549021244 1.0 0.0196078438312 0.156862750649 0.866666674614
03_MLFoot04_01 0.976470589638 0.972549021244 1.0 0.0196078438312 0.156862750649 0.866666674614
02_MHair01_01 0.35686275363 0.152941182256 0.192156881094 0.196078434587 0.549019634724 0.984313726425
02_MLegs01_02 0.00392156885937 0.0235294140875 0.57647061348 0.0823529437184 0.501960813999 0.933333337307
MAccKI 1.0 1.0 1.0 1.0 1.0 1.0
MAccPlayerBook 1.0 1.0 1.0 1.0 1.0 1.0
0.10000000149 0.0 0.800000011921
9
0.634456574917
1.0
0.482352972031
-0.0823529362679
0.498039245605
-1.0
0.396078467369
-0.741176486015
-0.00392156839371
4
0.0
0.435294121504
0.560784339905
0.0
0.145869478583
0
