10
MFace 0.403921604156 0.368627458811 0.364705890417 1.0 1.0 1.0
01_MLHand01_01 0.843137264252 0.0980392172933 0.0901960805058 1.0 1.0 1.0
01_MRHand01_01 0.843137264252 0.0980392172933 0.0901960805058 1.0 1.0 1.0
02_MTorso02_01 0.290196090937 0.698039233685 0.996078491211 1.0 1.0 1.0
01_MHair01_03 0.403921604156 0.227450996637 0.152941182256 0.196078434587 0.549019634724 0.984313726425
01_MLegs01_01 0.98431378603 0.996078491211 1.0 0.0862745121121 0.0862745121121 0.0980392247438
02_MLFoot03_01 0.976470589638 0.972549021244 1.0 0.0196078438312 0.156862750649 0.866666674614
02_MRFoot03_01 0.976470589638 0.972549021244 1.0 0.0196078438312 0.156862750649 0.866666674614
MAccKI 1.0 1.0 1.0 1.0 1.0 1.0
MAccPlayerBook 1.0 1.0 1.0 1.0 1.0 1.0
0.77254909277 0.552941203117 0.431372582912
9
0.631372570992
1.0
0.482352972031
-0.0823529362679
0.498039245605
-1.0
0.396078467369
-0.749019622803
-0.00392156839371
4
0.0
0.435294121504
0.560784339905
0.0
0.145098045468
0
