11
FFace 0.43137255311 0.709803938866 0.623529434204 0.454901963472 0.847058832645 1.0
01_FLHand01_01 0.992156863213 1.0 0.956862747669 0.996078431606 0.992156863213 1.0
01_FRHand01_01 0.992156863213 1.0 0.956862747669 0.996078431606 0.992156863213 1.0
02_FHair10 0.95294123888 0.721568644047 0.396078467369 0.964705944061 0.490196108818 1.0
02_FLegs01_02 0.509803950787 0.68235296011 1.0 0.662745118141 0.074509806931 0.886274576187
03_FTorso15_01 0.996078491211 0.941176533699 1.0 0.658823549747 0.0 0.701960802078
03_FLFoot04_01 0.98431378603 0.992156922817 1.0 0.874509871006 0.184313729405 0.905882418156
03_FRFoot04_01 0.98431378603 0.992156922817 1.0 0.874509871006 0.184313729405 0.905882418156
02_FHair10_Wisp 0.95294123888 0.721568644047 0.396078467369 0.964705944061 0.490196108818 1.0
FAccPlayerBook 1.0 1.0 1.0 1.0 1.0 1.0
FAccKI 1.0 1.0 1.0 1.0 1.0 1.0
0.827451050282 0.603921592236 0.458823561668
9
-0.152941152453
-0.0196078419685
-0.0431372523308
-0.10588234663
-0.0431372523308
0.670588254929
0.145098090172
-0.0117647051811
0.035294175148
4
0.0
0.219607844949
0.639215707779
0.137254908681
0.0509803928435
1
