11
FFace 0.43137255311 0.709803938866 0.623529434204 0.454901963472 0.847058832645 1.0
01_FLHand01_01 0.992156863213 1.0 0.956862747669 0.996078431606 0.992156863213 1.0
01_FRHand01_01 0.992156863213 1.0 0.956862747669 0.996078431606 0.992156863213 1.0
03_FLFoot04_01 0.61960786581 0.0274509806186 0.0 0.972549021244 0.972549021244 1.0
03_FRFoot04_01 0.61960786581 0.0274509806186 0.0 0.972549021244 0.972549021244 1.0
01_FTorso01_01 0.639215707779 0.00784313771874 0.0 0.666666686535 0.839215695858 0.29411765933
02_FHair07 0.0 0.149019613862 0.627451002598 1.0 0.949019670486 0.827451050282
02_FLegs01_02 0.666666686535 0.0156862754375 0.0 0.51372551918 0.0509803928435 0.0
02_FHair07_Wisp 0.0 0.149019613862 0.627451002598 1.0 0.949019670486 0.827451050282
FAccPlayerBook 1.0 1.0 1.0 1.0 1.0 1.0
FAccKI 1.0 1.0 1.0 1.0 1.0 1.0
0.699999988079 0.0 0.0
9
-0.152941152453
-0.0196078419685
-0.0431372523308
-0.10588234663
-0.0431372523308
0.670588254929
0.145098090172
-0.0117647051811
0.035294175148
4
0.0
0.219607844949
0.639215707779
0.137254908681
0.0509803928435
1
