10
MFace 0.976470589638 0.988235294819 1.0 1.0 1.0 1.0
01_MLHand01_01 0.843137264252 0.0980392172933 0.0901960805058 1.0 1.0 1.0
01_MRHand01_01 0.843137264252 0.0980392172933 0.0901960805058 1.0 1.0 1.0
01_MTorso01_01 0.54509806633 0.537254929543 0.0 1.0 1.0 1.0
03_MLFoot04_01 0.976470589638 0.972549021244 1.0 0.0196078438312 0.156862750649 0.866666674614
03_MRFoot04_01 0.976470589638 0.972549021244 1.0 0.0196078438312 0.156862750649 0.866666674614
01_MHair01_01 0.843137323856 0.529411792755 0.282352954149 0.196078434587 0.549019634724 0.984313726425
02_MLegs01_01 0.317647069693 0.482352972031 0.0117647070438 0.490196108818 0.0117647070438 0.0
MAccKI 1.0 1.0 1.0 1.0 1.0 1.0
MAccPlayerBook 1.0 1.0 1.0 1.0 1.0 1.0
0.699999988079 0.10000000149 0.0
9
0.631372570992
1.0
0.482352972031
-0.0823529362679
0.498039245605
-1.0
0.396078467369
-0.749019622803
-0.00392156839371
4
0.0
0.435294121504
0.560784339905
0.0
0.145098045468
0
