11
FFace 0.43137255311 0.709803938866 0.623529434204 0.454901963472 0.847058832645 1.0
01_FLHand01_01 0.992156863213 1.0 0.956862747669 0.996078431606 0.992156863213 1.0
01_FRHand01_01 0.992156863213 1.0 0.956862747669 0.996078431606 0.992156863213 1.0
03_FLFoot04_01 1.0 0.992156922817 0.933333396912 0.972549021244 0.972549021244 1.0
03_FRFoot04_01 1.0 0.992156922817 0.933333396912 0.972549021244 0.972549021244 1.0
02_FLegs01_02 0.509803950787 0.400000035763 0.0 0.51372551918 0.0509803928435 0.0
01_FTorso01_01 0.533333361149 0.705882370472 0.0941176563501 0.666666686535 0.839215695858 0.29411765933
02_FHair07 0.4392157197 0.0431372560561 0.0196078438312 0.615686297417 0.101960793138 0.0
02_FHair07_Wisp 0.4392157197 0.0431372560561 0.0196078438312 0.615686297417 0.101960793138 0.0
FAccPlayerBook 1.0 1.0 1.0 1.0 1.0 1.0
FAccKI 1.0 1.0 1.0 1.0 1.0 1.0
0.800000011921 0.40000000596 0.0
9
-0.152941152453
-0.0196078419685
-0.0431372523308
-0.10588234663
-0.0431372523308
0.670588254929
0.145098090172
-0.0117647051811
0.035294175148
4
0.0
0.219607844949
0.639215707779
0.137254908681
0.0509803928435
1
