12
FFace 0.43137255311 0.709803938866 0.623529434204 0.454901963472 0.847058832645 1.0
01_FLHand01_01 0.992156863213 1.0 0.956862747669 0.996078431606 0.992156863213 1.0
01_FRHand01_01 0.992156863213 1.0 0.956862747669 0.996078431606 0.992156863213 1.0
03_FLFoot04_01 0.988235354424 1.0 0.996078491211 0.972549021244 0.972549021244 1.0
03_FRFoot04_01 0.988235354424 1.0 0.996078491211 0.972549021244 0.972549021244 1.0
01_FTorso01_01 0.505882382393 0.0117647070438 0.0 0.666666686535 0.839215695858 0.29411765933
02_FLegs01_01 0.254901975393 0.4392157197 0.0196078438312 0.270588248968 0.415686309338 0.0274509824812
02_FHair07 0.564705908298 0.227450996637 0.113725498319 0.835294187069 0.674509823322 0.121568635106
02_FAcc_Earring03 1.0 1.0 1.0 1.0 1.0 1.0
02_FHair07_Wisp 0.564705908298 0.227450996637 0.113725498319 0.835294187069 0.674509823322 0.121568635106
FAccPlayerBook 1.0 1.0 1.0 1.0 1.0 1.0
FAccKI 1.0 1.0 1.0 1.0 1.0 1.0
0.600000023842 0.600000023842 0.0
9
-0.152941152453
-0.0196078419685
-0.0431372523308
-0.10588234663
-0.0431372523308
0.670588254929
0.145098090172
-0.0117647051811
0.035294175148
4
0.0
0.219607844949
0.639215707779
0.137254908681
0.0509803928435
1
