11
MFace 0.152941182256 0.137254908681 0.137254908681 1.0 1.0 1.0
01_MLHand01_01 1.0 1.0 1.0 1.0 1.0 1.0
01_MRHand01_01 1.0 1.0 1.0 1.0 1.0 1.0
02_MHair01_01 0.196078449488 0.180392161012 0.180392161012 1.0 1.0 1.0
Fan01_MTorso_TShirts_02 0.486274510622 0.658823549747 0.607843160629 1.0 1.0 1.0
03_MLFoot04_01 1.0 1.0 1.0 1.0 1.0 1.0
03_MRFoot04_01 1.0 1.0 1.0 1.0 1.0 1.0
02_MLegs01_02 0.658823549747 0.156862750649 0.95294123888 0.0 0.0 0.0
MAccPlayerBook 1.0 1.0 1.0 1.0 1.0 1.0
MAccKI 1.0 1.0 1.0 1.0 1.0 1.0
MReward_Goggles 1.0 1.0 1.0 1.0 1.0 1.0
0.0 0.0 0.0
9
1.0
-1.0
-0.066666662693
-0.411764681339
-0.152941167355
-1.0
0.152941226959
0.686274528503
-0.0901960730553
4
0.0
0.219607844949
0.639215707779
0.137254908681
0.0
0
