12
FFace 0.43137255311 0.709803938866 0.623529434204 0.454901963472 0.847058832645 1.0
01_FLHand01_01 0.992156863213 1.0 0.956862747669 0.996078431606 0.992156863213 1.0
01_FRHand01_01 0.992156863213 1.0 0.956862747669 0.996078431606 0.992156863213 1.0
03_FAccBeanie 0.317647069693 0.137254908681 0.164705887437 0.964705944061 0.490196108818 1.0
03_FTorso10_01 0.560784339905 0.266666680574 0.0 0.658823549747 0.0 0.701960802078
01_FLegs02_01 0.890196144581 0.301960796118 0.98431378603 0.51372551918 0.0509803928435 0.0
02_FLFoot03_01 0.372549027205 0.345098048449 0.376470625401 0.972549021244 0.972549021244 1.0
02_FRFoot03_01 0.372549027205 0.345098048449 0.376470625401 0.972549021244 0.972549021244 1.0
02_FAcc_Earring03 1.0 1.0 1.0 1.0 1.0 1.0
FAccPlayerBook 1.0 1.0 1.0 1.0 1.0 1.0
FAccKI 1.0 1.0 1.0 1.0 1.0 1.0
03_FAccBeanie_Wisp 0.317647069693 0.137254908681 0.164705887437 0.964705944061 0.490196108818 1.0
0.827451050282 0.603921592236 0.458823561668
9
-0.152941152453
-0.0196078419685
-0.0431372523308
-0.10588234663
-0.0431372523308
0.670588254929
0.145098090172
-0.0117647051811
0.035294175148
4
0.0
0.219607844949
0.639215707779
0.137254908681
0.0509803928435
1
