11
FFace 0.635294139385 0.800000011921 1.0 1.0 1.0 1.0
01_FLegs01_01 0.074509806931 0.0784313753247 0.0901960805058 0.396078437567 0.815686285496 0.662745118141
01_FLHand01_01 0.964705884457 0.835294127464 0.454901963472 0.800000011921 0.0862745121121 0.0431372560561
01_FRHand01_01 0.964705884457 0.835294127464 0.454901963472 0.800000011921 0.0862745121121 0.0431372560561
02_FLFoot03_01 0.196078434587 0.811764717102 0.588235318661 0.109803922474 0.109803922474 0.1254902035
02_FRFoot03_01 0.196078434587 0.811764717102 0.588235318661 0.109803922474 0.109803922474 0.1254902035
02_FTorso11_01 0.40000000596 0.815686285496 0.658823549747 0.364705890417 0.874509811401 0.666666686535
02_FHair07 0.615686297417 0.258823543787 0.172549024224 0.470588237047 0.729411780834 0.192156866193
02_FHair07_Wisp 0.615686297417 0.258823543787 0.172549024224 0.470588237047 0.729411780834 0.192156866193
FAccPlayerBook 1.0 1.0 1.0 1.0 1.0 1.0
FAccKI 1.0 1.0 1.0 1.0 1.0 1.0
0.937254905701 0.772549033165 0.600000023842
9
0.0
0.0
0.0
0.0
0.0
0.0
0.0
0.0
0.0
4
0.0
0.176470592618
0.215686276555
0.364705890417
0.529411792755
1
