11
MFace 0.72549021244 0.549019634724 0.447058826685 1.0 1.0 1.0
01_MLegs01_01 0.0784313753247 0.0784313753247 0.0941176488996 0.0 0.349019616842 0.51372551918
01_MLHand01_01 0.843137264252 0.0980392172933 0.0901960805058 1.0 1.0 1.0
01_MRHand01_01 0.843137264252 0.0980392172933 0.0901960805058 1.0 1.0 1.0
02_MLFoot03_01 0.0117647061124 0.376470595598 0.482352942228 0.0784313753247 0.0784313753247 0.0901960805058
02_MRFoot03_01 0.0117647061124 0.376470595598 0.482352942228 0.0784313753247 0.0784313753247 0.0901960805058
01_MTorso01_01 0.0117647061124 0.376470595598 0.482352942228 0.486274510622 0.0274509806186 0.00392156885937
01_MHair01_03 0.960784316063 0.956862747669 0.933333337307 0.988235294819 0.996078431606 0.996078431606
MAccPlayerBook 1.0 1.0 1.0 1.0 1.0 1.0
MAccKI 1.0 1.0 1.0 1.0 1.0 1.0
01_MAccGlasses02_01 1.0 1.0 1.0 1.0 1.0 1.0
0.721568644047 0.505882382393 0.388235300779
9
-0.278431355953
-0.341176450253
-0.443137228489
-0.584313750267
-0.678431391716
-0.129411756992
-0.309803903103
-0.537254929543
-0.443137228489
4
0.0
0.176470592618
0.215686276555
0.364705890417
0.529411792755
0
