12
FFace 0.0980392172933 0.0980392172933 0.109803922474 1.0 1.0 1.0
01_FLHand01_01 0.749019622803 0.0235294122249 0.0117647061124 0.800000011921 0.0862745121121 0.0431372560561
01_FRHand01_01 0.749019622803 0.0235294122249 0.0117647061124 0.800000011921 0.0862745121121 0.0431372560561
02_FLFoot03_01 0.0627451017499 0.32549020648 0.192156866193 0.92549020052 0.854901969433 0.270588248968
02_FRFoot03_01 0.0627451017499 0.32549020648 0.192156866193 0.92549020052 0.854901969433 0.270588248968
02_FHair10 0.321568638086 0.219607844949 0.215686276555 0.372549027205 0.850980401039 0.61960786581
01_FLegs02_01 0.384313732386 0.784313738346 0.631372570992 0.396078437567 0.815686285496 0.662745118141
Fan01_FTorso_TShirts_Obduction 0.40000000596 0.815686285496 0.658823549747 0.764705896378 0.933333337307 0.670588254929
02_FHair10_Wisp 0.321568638086 0.219607844949 0.215686276555 0.372549027205 0.850980401039 0.61960786581
FAccPlayerBook 1.0 1.0 1.0 1.0 1.0 1.0
FAccKI 1.0 1.0 1.0 1.0 1.0 1.0
02_FAcc_Choker01 1.0 1.0 1.0 1.0 1.0 1.0
0.776470601559 0.549019634724 0.419607847929
9
0.0
0.0
0.0
0.0
0.0
0.0
0.0
0.0
0.0
4
0.0
0.176470592618
0.215686276555
0.364705890417
0.529411792755
1
