12
FFace 0.372549027205 0.254901975393 0.0470588244498 1.0 1.0 1.0
01_FLegs01_01 0.074509806931 0.0784313753247 0.0901960805058 0.396078437567 0.815686285496 0.662745118141
01_FLHand01_01 0.749019622803 0.0235294122249 0.0117647061124 0.800000011921 0.0862745121121 0.0431372560561
01_FRHand01_01 0.749019622803 0.0235294122249 0.0117647061124 0.800000011921 0.0862745121121 0.0431372560561
02_FLFoot03_01 0.196078434587 0.811764717102 0.588235318661 0.109803922474 0.109803922474 0.1254902035
02_FRFoot03_01 0.196078434587 0.811764717102 0.588235318661 0.109803922474 0.109803922474 0.1254902035
02_FTorso11_01 0.40000000596 0.815686285496 0.658823549747 0.364705890417 0.874509811401 0.666666686535
Icon_FHair_Swept1 0.976470589638 0.443137258291 0.435294121504 0.470588237047 0.729411780834 0.192156866193
FAcc_FHair_Swept1 0.976470589638 0.443137258291 0.435294121504 0.470588237047 0.729411780834 0.192156866193
FAccPlayerBook 1.0 1.0 1.0 1.0 1.0 1.0
FAccKI 1.0 1.0 1.0 1.0 1.0 1.0
02_FAcc_Earring03 1.0 1.0 1.0 1.0 1.0 1.0
0.776470601559 0.549019634724 0.419607847929
9
0.0
0.0
0.0
0.0
0.0
0.0
0.0
0.0
0.0
4
0.0
0.176470592618
0.215686276555
0.364705890417
0.529411792755
1
