13
FFace 0.635294139385 0.815686285496 1.0 1.0 1.0 1.0
01_FLegs01_01 0.0784313753247 0.0784313753247 0.0901960805058 0.478431373835 0.0156862754375 0.00392156885937
03_FAccBeanie 0.674509823322 0.29411765933 0.152941182256 0.074509806931 0.074509806931 0.0862745121121
FTorso_Sweatshirt_Riven 0.074509806931 0.074509806931 0.0862745121121 0.764705896378 0.933333337307 0.670588254929
01_FLHand01_02 0.749019622803 0.0235294122249 0.0117647061124 0.776470601559 0.835294127464 1.0
01_FRHand01_02 0.749019622803 0.0235294122249 0.0117647061124 0.776470601559 0.835294127464 1.0
01_FLFoot01_01 0.505882382393 0.0235294122249 0.0 0.109803922474 0.109803922474 0.1254902035
01_FRFoot01_01 0.505882382393 0.0235294122249 0.0 0.109803922474 0.109803922474 0.1254902035
03_FAccBeanie_Wisp 0.674509823322 0.29411765933 0.152941182256 0.074509806931 0.074509806931 0.0862745121121
FReward_Goggles 1.0 1.0 1.0 1.0 1.0 1.0
FAccPlayerBook 1.0 1.0 1.0 1.0 1.0 1.0
FAccKI 1.0 1.0 1.0 1.0 1.0 1.0
02_FAcc_ANoEarring01 1.0 1.0 1.0 1.0 1.0 1.0
0.929411768913 0.745098054409 0.564705908298
9
0.0
0.0
0.0
0.0
0.0
0.0
0.0
0.0
0.0
4
0.0
0.176470592618
0.215686276555
0.364705890417
0.529411792755
1
