8
MFace 0.129411771894 0.776470601559 0.568627476692 1.0 1.0 1.0
01_MLHand01_01 0.843137264252 0.0980392172933 0.0901960805058 1.0 1.0 1.0
01_MRHand01_01 0.843137264252 0.0980392172933 0.0901960805058 1.0 1.0 1.0
01_MHair01_01 0.474509805441 0.376470595598 0.360784322023 0.0156862754375 0.372549027205 0.46274510026
01_MLegs02_01 0.0 0.419607847929 0.658823549747 0.0627451017499 0.329411774874 0.160784319043
Fan01_MTorso_Obduction 0.0117647061124 0.376470595598 0.482352942228 0.0196078438312 0.32549020648 0.443137258291
01_MLFoot01_01 0.0509803928435 0.352941185236 0.219607844949 0.890196084976 0.874509811401 0.227450981736
01_MRFoot01_01 0.0509803928435 0.352941185236 0.219607844949 0.890196084976 0.874509811401 0.227450981736
0.721568644047 0.505882382393 0.388235300779
9
-0.278431355953
-0.341176450253
-0.443137228489
-0.584313750267
-0.678431391716
-0.129411756992
-0.309803903103
-0.537254929543
-0.443137228489
4
0.0
0.176470592618
0.215686276555
0.364705890417
0.529411792755
