11
MFace 0.596078455448 0.741176486015 1.0 1.0 1.0 1.0
01_MLegs01_01 0.0862745121121 0.0823529437184 0.0980392172933 0.521568655968 0.00784313771874 0.0
01_MLHand01_01 0.843137264252 0.0980392172933 0.0901960805058 1.0 1.0 1.0
01_MRHand01_01 0.843137264252 0.0980392172933 0.0901960805058 1.0 1.0 1.0
01_MHair01_01 0.588235318661 0.207843139768 0.133333340287 0.196078434587 0.549019634724 0.984313726425
01_MLFoot01_01 0.466666668653 0.0392156876624 0.0117647061124 0.0901960805058 0.0941176488996 0.105882354081
01_MRFoot01_01 0.466666668653 0.0392156876624 0.0117647061124 0.0901960805058 0.0941176488996 0.105882354081
02_MTorso02_02 0.349019616842 0.407843142748 0.521568655968 1.0 1.0 1.0
MAccPlayerBook 1.0 1.0 1.0 1.0 1.0 1.0
MAccKI 1.0 1.0 1.0 1.0 1.0 1.0
01_MFaceHair02_01 0.588235318661 0.207843139768 0.133333340287 1.0 1.0 1.0
0.874509811401 0.654901981354 0.494117647409
9
-0.278431355953
-0.341176450253
-0.443137228489
-0.584313750267
-0.678431391716
-0.129411756992
-0.309803903103
-0.537254929543
-0.443137228489
4
0.0
0.176470592618
0.215686276555
0.364705890417
0.529411792755
0
