12
MFace 0.129411771894 0.776470601559 0.568627476692 1.0 1.0 1.0
MReward_Pith 0.905882358551 0.878431379795 0.831372559071 0.988235294819 0.996078431606 0.996078431606
03_MTorso13_01 0.988235294819 1.0 1.0 0.486274510622 0.0274509806186 0.00392156885937
01_MLHandGlove01_01 0.843137264252 0.0980392172933 0.0901960805058 1.0 1.0 1.0
01_MRHandGlove01_01 0.843137264252 0.0980392172933 0.0901960805058 1.0 1.0 1.0
01_MLegs02_01 0.988235294819 1.0 0.996078431606 0.694117665291 0.0117647061124 0.0
01_MLFoot01_01 0.474509805441 0.0392156876624 0.00784313771874 0.0784313753247 0.0784313753247 0.0901960805058
01_MRFoot01_01 0.474509805441 0.0392156876624 0.00784313771874 0.0784313753247 0.0784313753247 0.0901960805058
02_MAcc_PithHelmet 0.905882358551 0.878431379795 0.831372559071 0.988235294819 0.996078431606 0.996078431606
MReward_Goggles 1.0 1.0 1.0 1.0 1.0 1.0
MAccPlayerBook 1.0 1.0 1.0 1.0 1.0 1.0
MAccKI 1.0 1.0 1.0 1.0 1.0 1.0
0.89411765337 0.68235296011 0.509803950787
9
-0.278431355953
-0.341176450253
-0.443137228489
-0.584313750267
-0.678431391716
-0.129411756992
-0.309803903103
-0.537254929543
-0.443137228489
4
0.0
0.176470592618
0.215686276555
0.364705890417
0.529411792755
0
