12
FFace 0.635294139385 0.831372559071 1.0 1.0 1.0 1.0
01_FLegs01_01 0.074509806931 0.0784313753247 0.0901960805058 0.992156863213 1.0 1.0
01_FLHand01_01 0.580392181873 0.678431391716 1.0 0.800000011921 0.0862745121121 0.0431372560561
01_FRHand01_01 0.580392181873 0.678431391716 1.0 0.800000011921 0.0862745121121 0.0431372560561
02_FLFoot03_01 0.976470589638 0.996078431606 1.0 0.109803922474 0.109803922474 0.1254902035
02_FRFoot03_01 0.976470589638 0.996078431606 1.0 0.109803922474 0.109803922474 0.1254902035
Icon_StrawHat 0.701960802078 0.321568638086 0.133333340287 1.0 0.996078431606 0.913725495338
FTorso_GuildYellow 0.40000000596 0.815686285496 0.658823549747 0.364705890417 0.874509811401 0.666666686535
FAcc_StrawHat 0.701960802078 0.321568638086 0.133333340287 1.0 0.996078431606 0.913725495338
FAccPlayerBook 1.0 1.0 1.0 1.0 1.0 1.0
FAccKI 1.0 1.0 1.0 1.0 1.0 1.0
02_FAcc_ANoEarring01 1.0 1.0 1.0 1.0 1.0 1.0
0.933333337307 0.752941191196 0.57647061348
9
0.0
0.0
0.0
0.0
0.0
0.0
0.0
0.0
0.0
4
0.0
0.176470592618
0.215686276555
0.364705890417
0.529411792755
1
