11
MFace 0.129411771894 0.776470601559 0.568627476692 1.0 1.0 1.0
01_MLHand01_01 0.843137264252 0.0980392172933 0.0901960805058 1.0 1.0 1.0
01_MRHand01_01 0.843137264252 0.0980392172933 0.0901960805058 1.0 1.0 1.0
01_MLFoot01_01 0.384313732386 0.407843142748 0.435294121504 0.458823531866 0.0313725508749 0.0156862754375
01_MRFoot01_01 0.384313732386 0.407843142748 0.435294121504 0.458823531866 0.0313725508749 0.0156862754375
03_MHAccStrawHat_01 0.956862747669 0.945098042488 0.929411768913 1.0 0.984313726425 0.854901969433
MTorso_GuildWhite 0.0117647061124 0.376470595598 0.482352942228 0.0196078438312 0.32549020648 0.443137258291
03_MLegs02_01 0.0705882385373 0.0705882385373 0.0823529437184 0.0627451017499 0.329411774874 0.160784319043
MAccPlayerBook 1.0 1.0 1.0 1.0 1.0 1.0
MAccKI 1.0 1.0 1.0 1.0 1.0 1.0
01_MAccGlasses02_01 1.0 1.0 1.0 1.0 1.0 1.0
0.898039221764 0.694117665291 0.521568655968
9
-0.278431355953
-0.341176450253
-0.443137228489
-0.584313750267
-0.678431391716
-0.129411756992
-0.309803903103
-0.537254929543
-0.443137228489
4
0.0
0.176470592618
0.215686276555
0.364705890417
0.529411792755
0
