11
FFace 0.415686279535 0.674509823322 0.568627476692 1.0 1.0 1.0
01_FLegs01_01 0.074509806931 0.0784313753247 0.0901960805058 0.498039215803 0.0117647061124 0.0
01_FLFoot01_01 0.552941203117 0.0117647061124 0.0 0.109803922474 0.109803922474 0.1254902035
01_FRFoot01_01 0.552941203117 0.0117647061124 0.0 0.109803922474 0.109803922474 0.1254902035
01_FLHand01_01 0.749019622803 0.0235294122249 0.0117647061124 0.800000011921 0.0862745121121 0.0431372560561
01_FRHand01_01 0.749019622803 0.0235294122249 0.0117647061124 0.800000011921 0.0862745121121 0.0431372560561
02_FHair10 0.458823531866 0.168627455831 0.121568627656 0.470588237047 0.729411780834 0.192156866193
Fan01_FTorso_TShirts_01 0.482352942228 0.0862745121121 0.913725495338 0.764705896378 0.933333337307 0.670588254929
02_FHair10_Wisp 0.458823531866 0.168627455831 0.121568627656 0.470588237047 0.729411780834 0.192156866193
FAccPlayerBook 1.0 1.0 1.0 1.0 1.0 1.0
FAccKI 1.0 1.0 1.0 1.0 1.0 1.0
0.776470601559 0.549019634724 0.419607847929
9
0.0
0.0
0.0
0.0
0.0
0.0
0.0
0.0
0.0
4
0.0
0.176470592618
0.215686276555
0.364705890417
0.529411792755
1
