11
FFace 0.0823529437184 0.0823529437184 0.0941176488996 1.0 1.0 1.0
01_FLHand01_01 0.749019622803 0.0235294122249 0.0117647061124 0.800000011921 0.0862745121121 0.0431372560561
01_FRHand01_01 0.749019622803 0.0235294122249 0.0117647061124 0.800000011921 0.0862745121121 0.0431372560561
02_FLFoot03_01 0.196078434587 0.811764717102 0.588235318661 0.109803922474 0.109803922474 0.1254902035
02_FRFoot03_01 0.196078434587 0.811764717102 0.588235318661 0.109803922474 0.109803922474 0.1254902035
FReward_DRCVest 0.40000000596 0.815686285496 0.658823549747 0.764705896378 0.933333337307 0.670588254929
02_FLegs04_01 0.988235294819 0.729411780834 0.537254929543 0.396078437567 0.815686285496 0.662745118141
FReward_HardHat 0.305882364511 0.207843139768 0.207843139768 0.372549027205 0.850980401039 0.61960786581
FAccPlayerBook 1.0 1.0 1.0 1.0 1.0 1.0
FAccKI 1.0 1.0 1.0 1.0 1.0 1.0
02_FAcc_Choker01 1.0 1.0 1.0 1.0 1.0 1.0
0.776470601559 0.549019634724 0.419607847929
9
0.0
0.0
0.0
0.0
0.0
0.0
0.0
0.0
0.0
4
0.0
0.176470592618
0.215686276555
0.364705890417
0.529411792755
1
