11
MFace 0.403921574354 0.733333349228 1.0 1.0 1.0 1.0
01_MLHand01_01 0.843137264252 0.0980392172933 0.0901960805058 1.0 1.0 1.0
01_MRHand01_01 0.843137264252 0.0980392172933 0.0901960805058 1.0 1.0 1.0
02_MLFoot03_01 0.0117647061124 0.376470595598 0.482352942228 0.0784313753247 0.0784313753247 0.0901960805058
02_MRFoot03_01 0.0117647061124 0.376470595598 0.482352942228 0.0784313753247 0.0784313753247 0.0901960805058
MReward_HardHat 0.517647087574 0.172549024224 0.156862750649 0.0156862754375 0.372549027205 0.46274510026
MReward_DRCVest 0.0117647061124 0.376470595598 0.482352942228 0.486274510622 0.0274509806186 0.00392156885937
02_MLegs03_01 0.992156863213 0.772549033165 0.54509806633 0.0 0.349019616842 0.51372551918
MAccPlayerBook 1.0 1.0 1.0 1.0 1.0 1.0
MAccKI 1.0 1.0 1.0 1.0 1.0 1.0
01_MFaceHair02_01 0.517647087574 0.172549024224 0.156862750649 1.0 1.0 1.0
0.78823530674 0.560784339905 0.43137255311
9
-0.278431355953
-0.341176450253
-0.443137228489
-0.584313750267
-0.678431391716
-0.129411756992
-0.309803903103
-0.537254929543
-0.443137228489
4
0.0
0.176470592618
0.215686276555
0.364705890417
0.529411792755
0
