10
MFace 0.129411771894 0.776470601559 0.568627476692 1.0 1.0 1.0
01_MLHand01_01 0.843137264252 0.0980392172933 0.0901960805058 1.0 1.0 1.0
01_MRHand01_01 0.843137264252 0.0980392172933 0.0901960805058 1.0 1.0 1.0
02_MLFoot03_01 0.0117647061124 0.376470595598 0.482352942228 0.0784313753247 0.0784313753247 0.0901960805058
02_MRFoot03_01 0.0117647061124 0.376470595598 0.482352942228 0.0784313753247 0.0784313753247 0.0901960805058
01_MLegs01_01 0.0784313753247 0.0784313753247 0.0901960805058 0.0 0.349019616842 0.51372551918
01_MHair01_01 0.474509805441 0.376470595598 0.360784322023 0.0156862754375 0.372549027205 0.46274510026
02_MTorso09_01 0.0117647061124 0.376470595598 0.482352942228 0.0196078438312 0.32549020648 0.443137258291
MAccPlayerBook 1.0 1.0 1.0 1.0 1.0 1.0
MAccKI 1.0 1.0 1.0 1.0 1.0 1.0
0.721568644047 0.505882382393 0.388235300779
9
-0.278431355953
-0.341176450253
-0.443137228489
-0.584313750267
-0.678431391716
-0.129411756992
-0.309803903103
-0.537254929543
-0.443137228489
4
0.0
0.176470592618
0.215686276555
0.364705890417
0.529411792755
