11
FFace 0.639215707779 0.737254917622 1.0 1.0 1.0 1.0
01_FLHand01_01 0.690196096897 0.760784327984 1.0 0.800000011921 0.0862745121121 0.0431372560561
01_FRHand01_01 0.690196096897 0.760784327984 1.0 0.800000011921 0.0862745121121 0.0431372560561
02_FHair07 0.65098041296 0.262745112181 0.129411771894 0.470588237047 0.729411780834 0.192156866193
02_FLFoot03_01 0.988235294819 1.0 0.996078431606 0.109803922474 0.109803922474 0.1254902035
02_FRFoot03_01 0.988235294819 1.0 0.996078431606 0.109803922474 0.109803922474 0.1254902035
02_FLegs01_02 0.298039227724 0.0 0.572549045086 0.607843160629 0.835294127464 0.392156869173
FReward_BBallJersey 0.482352942228 0.0862745121121 0.913725495338 0.764705896378 0.933333337307 0.670588254929
02_FHair07_Wisp 0.65098041296 0.262745112181 0.129411771894 0.470588237047 0.729411780834 0.192156866193
FAccPlayerBook 1.0 1.0 1.0 1.0 1.0 1.0
FAccKI 1.0 1.0 1.0 1.0 1.0 1.0
0.929411768913 0.733333349228 0.552941203117
9
0.0
0.0
0.0
0.0
0.0
0.0
0.0
0.0
0.0
4
0.0
0.176470592618
0.215686276555
0.364705890417
0.529411792755
1
