12
FFace 0.415686279535 0.674509823322 0.568627476692 1.0 1.0 1.0
01_FLegs01_01 0.568627476692 0.0235294122249 0.0 0.51372551918 0.00784313771874 0.0
01_FLHand01_01 0.749019622803 0.0235294122249 0.0117647061124 0.800000011921 0.0862745121121 0.0431372560561
01_FRHand01_01 0.749019622803 0.0235294122249 0.0117647061124 0.800000011921 0.0862745121121 0.0431372560561
02_FLFoot03_01 0.976470589638 0.996078431606 1.0 0.584313750267 0.0470588244498 0.0
02_FRFoot03_01 0.976470589638 0.996078431606 1.0 0.584313750267 0.0470588244498 0.0
02_FHair10 0.211764708161 0.184313729405 0.188235297799 0.898039221764 0.866666674614 0.227450981736
FReward_TieDye 0.61960786581 0.0470588244498 0.0 1.0 1.0 1.0
02_FHair10_Wisp 0.211764708161 0.184313729405 0.188235297799 0.898039221764 0.866666674614 0.227450981736
FAccPlayerBook 1.0 1.0 1.0 1.0 1.0 1.0
FAccKI 1.0 1.0 1.0 1.0 1.0 1.0
02_FAcc_Choker02 1.0 1.0 1.0 1.0 1.0 1.0
0.776470601559 0.549019634724 0.419607847929
9
0.0
0.0
0.0
0.0
0.0
0.0
0.0
0.0
0.0
4
0.0
0.176470592618
0.215686276555
0.364705890417
0.529411792755
1
