12
MFace 0.466666668653 0.0196078438312 0.0117647061124 1.0 1.0 1.0
02_MTorso12_01 0.0235294122249 0.184313729405 0.439215689898 0.211764708161 0.0196078438312 0.447058826685
01_MLHand01_01 0.843137264252 0.0980392172933 0.0901960805058 1.0 1.0 1.0
01_MRHand01_01 0.843137264252 0.0980392172933 0.0901960805058 1.0 1.0 1.0
02_MLFoot03_01 0.976470589638 0.988235294819 1.0 0.0274509806186 0.180392161012 0.427450984716
02_MRFoot03_01 0.976470589638 0.988235294819 1.0 0.0274509806186 0.180392161012 0.427450984716
02_MLegs01_01 0.0 0.254901975393 0.737254917622 0.0980392172933 0.0980392172933 0.113725490868
MReward_Pith 0.482352942228 0.168627455831 0.1254902035 0.00392156885937 0.152941182256 0.494117647409
02_MAcc_PithHelmet 0.482352942228 0.168627455831 0.1254902035 0.00392156885937 0.152941182256 0.494117647409
MAccPlayerBook 1.0 1.0 1.0 1.0 1.0 1.0
MAccKI 1.0 1.0 1.0 1.0 1.0 1.0
01_MFaceHair02_01 0.482352942228 0.168627455831 0.1254902035 1.0 1.0 1.0
0.721568644047 0.505882382393 0.388235300779
9
-0.278431355953
-0.341176450253
-0.443137228489
-0.584313750267
-0.678431391716
-0.129411756992
-0.309803903103
-0.537254929543
-0.443137228489
4
0.0
0.176470592618
0.215686276555
0.364705890417
0.529411792755
0
