12
FFace 0.415686279535 0.674509823322 0.568627476692 1.0 1.0 1.0
01_FLHand01_01 0.749019622803 0.0235294122249 0.0117647061124 0.800000011921 0.0862745121121 0.0431372560561
01_FRHand01_01 0.749019622803 0.0235294122249 0.0117647061124 0.800000011921 0.0862745121121 0.0431372560561
02_FTorso12_01 0.588235318661 0.392156869173 0.901960790157 0.976470589638 0.972549021244 1.0
02_FLFoot03_01 0.54509806633 0.329411774874 1.0 0.0784313753247 0.0784313753247 0.0901960805058
02_FRFoot03_01 0.54509806633 0.329411774874 1.0 0.0784313753247 0.0784313753247 0.0901960805058
02_FLegs01_02 0.368627458811 0.176470592618 0.972549021244 0.266666680574 0.0 0.560784339905
FReward_Pith 0.20000000298 0.176470592618 0.176470592618 0.631372570992 0.384313732386 0.898039221764
FAcc_PithHelmet 0.20000000298 0.176470592618 0.176470592618 0.631372570992 0.384313732386 0.898039221764
FAccPlayerBook 1.0 1.0 1.0 1.0 1.0 1.0
FAccKI 1.0 1.0 1.0 1.0 1.0 1.0
02_FAcc_Choker02 1.0 1.0 1.0 1.0 1.0 1.0
0.776470601559 0.549019634724 0.419607847929
9
0.0
0.0
0.0
0.0
0.0
0.0
0.0
0.0
0.0
4
0.0
0.176470592618
0.215686276555
0.364705890417
0.529411792755
1
