11
FFace 0.415686279535 0.674509823322 0.568627476692 1.0 1.0 1.0
01_FLegs01_01 0.517647087574 0.745098054409 0.184313729405 0.533333361149 0.749019622803 0.184313729405
01_FLHand01_01 0.749019622803 0.0235294122249 0.0117647061124 0.800000011921 0.0862745121121 0.0431372560561
01_FRHand01_01 0.749019622803 0.0235294122249 0.0117647061124 0.800000011921 0.0862745121121 0.0431372560561
02_FLFoot03_01 0.992156863213 1.0 0.96862745285 0.411764711142 0.588235318661 0.0235294122249
02_FRFoot03_01 0.992156863213 1.0 0.96862745285 0.411764711142 0.588235318661 0.0235294122249
02_FHair10 0.458823531866 0.168627455831 0.121568627656 0.470588237047 0.729411780834 0.192156866193
02_FTorso11_01 0.482352942228 0.686274528503 0.0980392172933 0.454901963472 0.635294139385 0.0431372560561
02_FHair10_Wisp 0.458823531866 0.168627455831 0.121568627656 0.470588237047 0.729411780834 0.192156866193
FAccPlayerBook 1.0 1.0 1.0 1.0 1.0 1.0
FAccKI 1.0 1.0 1.0 1.0 1.0 1.0
0.776470601559 0.549019634724 0.419607847929
9
0.0
0.0
0.0
0.0
0.0
0.0
0.0
0.0
0.0
4
0.0
0.176470592618
0.215686276555
0.364705890417
0.529411792755
1
