11
FFace 0.415686279535 0.674509823322 0.568627476692 1.0 1.0 1.0
01_FLHand01_01 0.988235294819 0.996078431606 1.0 0.800000011921 0.0862745121121 0.0431372560561
01_FRHand01_01 0.988235294819 0.996078431606 1.0 0.800000011921 0.0862745121121 0.0431372560561
02_FLFoot03_01 1.0 0.964705884457 0.949019610882 0.611764729023 0.537254929543 0.0
02_FRFoot03_01 1.0 0.964705884457 0.949019610882 0.611764729023 0.537254929543 0.0
01_FLegs02_01 0.976470589638 0.988235294819 1.0 0.86274510622 0.780392169952 0.152941182256
02_FTorso09_01 0.0705882385373 0.0705882385373 0.0823529437184 0.827450990677 0.796078443527 0.121568627656
02_FHair10 0.384313732386 0.149019613862 0.152941182256 0.898039221764 0.866666674614 0.227450981736
02_FHair10_Wisp 0.384313732386 0.149019613862 0.152941182256 0.898039221764 0.866666674614 0.227450981736
FAccPlayerBook 1.0 1.0 1.0 1.0 1.0 1.0
FAccKI 1.0 1.0 1.0 1.0 1.0 1.0
0.776470601559 0.549019634724 0.419607847929
9
0.0
0.0
0.0
0.0
0.0
0.0
0.0
0.0
0.0
4
0.0
0.176470592618
0.215686276555
0.364705890417
0.529411792755
1
