10
FFace 0.415686279535 0.674509823322 0.568627476692 1.0 1.0 1.0
01_FLHand01_01 0.749019622803 0.0235294122249 0.0117647061124 0.800000011921 0.0862745121121 0.0431372560561
01_FRHand01_01 0.749019622803 0.0235294122249 0.0117647061124 0.800000011921 0.0862745121121 0.0431372560561
02_FLegs01_02 0.0156862754375 0.450980395079 0.858823537827 0.86274510622 0.780392169952 0.152941182256
02_FHAccGolfCap_01 0.458823531866 0.168627455831 0.121568627656 0.309803932905 0.474509805441 0.831372559071
Fan01_FTorso_BellyShirt 0.192156866193 0.580392181873 0.984313726425 0.827450990677 0.796078443527 0.121568627656
03_FLFoot04_01 1.0 0.952941179276 0.949019610882 0.0980392172933 0.0980392172933 0.113725490868
03_FRFoot04_01 1.0 0.952941179276 0.949019610882 0.0980392172933 0.0980392172933 0.113725490868
FAccPlayerBook 1.0 1.0 1.0 1.0 1.0 1.0
FAccKI 1.0 1.0 1.0 1.0 1.0 1.0
0.776470601559 0.549019634724 0.419607847929
9
0.0
0.0
0.0
0.0
0.0
0.0
0.0
0.0
0.0
4
0.0
0.176470592618
0.215686276555
0.364705890417
0.529411792755
1
