12
FFace 0.415686279535 0.674509823322 0.568627476692 1.0 1.0 1.0
01_FLHand01_01 0.749019622803 0.0235294122249 0.0117647061124 0.800000011921 0.0862745121121 0.0431372560561
01_FRHand01_01 0.749019622803 0.0235294122249 0.0117647061124 0.800000011921 0.0862745121121 0.0431372560561
02_FLFoot03_01 0.415686279535 0.317647069693 0.0274509806186 0.0313725508749 0.29411765933 0.89411765337
02_FRFoot03_01 0.415686279535 0.317647069693 0.0274509806186 0.0313725508749 0.29411765933 0.89411765337
01_FLegs02_01 0.552941203117 0.443137258291 0.0 0.266666680574 0.0 0.560784339905
03_FHAcc_DniFace 0.254901975393 0.149019613862 0.176470592618 0.898039221764 0.866666674614 0.227450981736
FReward_PubJacket 0.243137255311 0.0 0.541176497936 0.976470589638 0.972549021244 1.0
DniHelmet 0.254901975393 0.149019613862 0.176470592618 0.898039221764 0.866666674614 0.227450981736
FAccPlayerBook 1.0 1.0 1.0 1.0 1.0 1.0
FAccKI 1.0 1.0 1.0 1.0 1.0 1.0
02_FAcc_Choker02 1.0 1.0 1.0 1.0 1.0 1.0
0.776470601559 0.549019634724 0.419607847929
9
0.0
0.0
0.0
0.0
0.0
0.0
0.0
0.0
0.0
4
0.0
0.176470592618
0.215686276555
0.364705890417
0.529411792755
1
