10
MFace 0.580392181873 0.384313732386 0.0 1.0 1.0 1.0
01_MLegs01_01 0.980392158031 1.0 0.996078431606 0.0235294122249 0.435294121504 0.43137255311
01_MLHand01_01 0.843137264252 0.0980392172933 0.0901960805058 1.0 1.0 1.0
01_MRHand01_01 0.843137264252 0.0980392172933 0.0901960805058 1.0 1.0 1.0
01_MHair01_01 0.635294139385 0.341176480055 0.141176477075 0.0235294122249 0.435294121504 0.411764711142
02_MLFoot03_01 0.988235294819 1.0 1.0 0.0274509806186 0.419607847929 0.384313732386
02_MRFoot03_01 0.988235294819 1.0 1.0 0.0274509806186 0.419607847929 0.384313732386
02_MTorso02_01 0.0274509806186 0.415686279535 0.376470595598 0.984313726425 0.992156863213 1.0
MAccPlayerBook 1.0 1.0 1.0 1.0 1.0 1.0
MAccKI 1.0 1.0 1.0 1.0 1.0 1.0
0.909803926945 0.694117665291 0.517647087574
9
-0.278431355953
-0.341176450253
-0.443137228489
-0.584313750267
-0.678431391716
-0.129411756992
-0.309803903103
-0.537254929543
-0.443137228489
4
0.0
0.176470592618
0.215686276555
0.364705890417
0.529411792755
0
