12
MFace 0.407843142748 0.486274510622 0.00784313771874 1.0 1.0 1.0
02_MTorso12_01 0.478431373835 0.0274509806186 0.00784313771874 0.0274509806186 0.423529416323 0.364705890417
01_MLHand01_01 0.843137264252 0.0980392172933 0.0901960805058 1.0 1.0 1.0
01_MRHand01_01 0.843137264252 0.0980392172933 0.0901960805058 1.0 1.0 1.0
MReward_Pith 0.474509805441 0.376470595598 0.360784322023 0.505882382393 0.0235294122249 0.0
02_MLegs01_01 0.72549021244 0.0549019612372 0.00392156885937 0.074509806931 0.074509806931 0.0862745121121
01_MLFoot01_01 0.466666668653 0.0549019612372 0.0117647061124 0.0862745121121 0.0862745121121 0.101960785687
01_MRFoot01_01 0.466666668653 0.0549019612372 0.0117647061124 0.0862745121121 0.0862745121121 0.101960785687
02_MAcc_PithHelmet 0.474509805441 0.376470595598 0.360784322023 0.505882382393 0.0235294122249 0.0
03_MAccGlasses03_01 1.0 1.0 1.0 1.0 1.0 1.0
MAccPlayerBook 1.0 1.0 1.0 1.0 1.0 1.0
MAccKI 1.0 1.0 1.0 1.0 1.0 1.0
0.721568644047 0.505882382393 0.388235300779
9
-0.278431355953
-0.341176450253
-0.443137228489
-0.584313750267
-0.678431391716
-0.129411756992
-0.309803903103
-0.537254929543
-0.443137228489
4
0.0
0.176470592618
0.215686276555
0.364705890417
0.529411792755
0
