11
MFace 0.580392181873 0.407843142748 0.0 1.0 1.0 1.0
02_MTorso12_01 0.0274509806186 0.415686279535 0.376470595598 0.00784313771874 0.180392161012 0.482352942228
01_MLHand01_01 0.843137264252 0.0980392172933 0.0901960805058 1.0 1.0 1.0
01_MRHand01_01 0.843137264252 0.0980392172933 0.0901960805058 1.0 1.0 1.0
02_MLFoot03_01 0.0274509806186 0.423529416323 0.364705890417 0.133333340287 0.133333340287 0.149019613862
02_MRFoot03_01 0.0274509806186 0.423529416323 0.364705890417 0.133333340287 0.133333340287 0.149019613862
MReward_Pith 0.474509805441 0.376470595598 0.360784322023 0.0235294122249 0.435294121504 0.411764711142
02_MLegs01_01 0.0156862754375 0.75686275959 0.658823549747 0.074509806931 0.074509806931 0.0862745121121
02_MAcc_PithHelmet 0.474509805441 0.376470595598 0.360784322023 0.0235294122249 0.435294121504 0.411764711142
MAccPlayerBook 1.0 1.0 1.0 1.0 1.0 1.0
MAccKI 1.0 1.0 1.0 1.0 1.0 1.0
0.905882358551 0.686274528503 0.509803950787
9
-0.278431355953
-0.341176450253
-0.443137228489
-0.584313750267
-0.678431391716
-0.129411756992
-0.309803903103
-0.537254929543
-0.443137228489
4
0.0
0.176470592618
0.215686276555
0.364705890417
0.529411792755
0
