10
FFace 0.415686279535 0.674509823322 0.568627476692 1.0 1.0 1.0
01_FLHand01_01 0.749019622803 0.0235294122249 0.0117647061124 0.800000011921 0.0862745121121 0.0431372560561
01_FRHand01_01 0.749019622803 0.0235294122249 0.0117647061124 0.800000011921 0.0862745121121 0.0431372560561
02_FLegs01_02 0.321568638086 0.505882382393 0.0117647061124 0.631372570992 0.384313732386 0.898039221764
Fan01_FTorso_BellyShirt 0.509803950787 0.709803938866 0.121568627656 0.501960813999 0.368627458811 0.882352948189
03_FLFoot04_01 0.992156863213 1.0 0.96862745285 0.0823529437184 0.0823529437184 0.0941176488996
03_FRFoot04_01 0.992156863213 1.0 0.96862745285 0.0823529437184 0.0823529437184 0.0941176488996
02_FHAccGolfCap_01 0.458823531866 0.168627455831 0.121568627656 0.470588237047 0.729411780834 0.192156866193
FAccPlayerBook 1.0 1.0 1.0 1.0 1.0 1.0
FAccKI 1.0 1.0 1.0 1.0 1.0 1.0
0.776470601559 0.549019634724 0.419607847929
9
0.0
0.0
0.0
0.0
0.0
0.0
0.0
0.0
0.0
4
0.0
0.176470592618
0.215686276555
0.364705890417
0.529411792755
1
