11
FFace 0.415686279535 0.674509823322 0.568627476692 1.0 1.0 1.0
01_FLegs01_01 0.149019613862 0.635294139385 0.96862745285 0.0823529437184 0.670588254929 0.929411768913
01_FLHand01_01 0.749019622803 0.0235294122249 0.0117647061124 0.800000011921 0.0862745121121 0.0431372560561
01_FRHand01_01 0.749019622803 0.0235294122249 0.0117647061124 0.800000011921 0.0862745121121 0.0431372560561
02_FLFoot03_01 0.964705884457 0.976470589638 1.0 0.0 0.301960796118 0.643137276173
02_FRFoot03_01 0.964705884457 0.976470589638 1.0 0.0 0.301960796118 0.643137276173
02_FHair10 0.458823531866 0.168627455831 0.121568627656 0.309803932905 0.474509805441 0.831372559071
02_FTorso11_01 0.349019616842 0.721568644047 1.0 0.113725490868 0.580392181873 0.952941179276
02_FHair10_Wisp 0.458823531866 0.168627455831 0.121568627656 0.309803932905 0.474509805441 0.831372559071
FAccPlayerBook 1.0 1.0 1.0 1.0 1.0 1.0
FAccKI 1.0 1.0 1.0 1.0 1.0 1.0
0.776470601559 0.549019634724 0.419607847929
9
0.0
0.0
0.0
0.0
0.0
0.0
0.0
0.0
0.0
4
0.0
0.176470592618
0.215686276555
0.364705890417
0.529411792755
1
