12
FFace 0.415686279535 0.674509823322 0.568627476692 1.0 1.0 1.0
01_FLegs01_01 0.0941176488996 0.0901960805058 0.105882354081 0.631372570992 0.384313732386 0.898039221764
01_FLHand01_01 0.749019622803 0.0235294122249 0.0117647061124 0.800000011921 0.0862745121121 0.0431372560561
01_FRHand01_01 0.749019622803 0.0235294122249 0.0117647061124 0.800000011921 0.0862745121121 0.0431372560561
02_FLFoot03_01 0.996078431606 0.996078431606 0.992156863213 0.556862771511 0.349019616842 0.866666674614
02_FRFoot03_01 0.996078431606 0.996078431606 0.992156863213 0.556862771511 0.349019616842 0.866666674614
02_FHair10 0.223529413342 0.149019613862 0.168627455831 0.631372570992 0.384313732386 0.898039221764
FReward_Zandi 0.588235318661 0.392156869173 0.901960790157 0.976470589638 0.972549021244 1.0
02_FHair10_Wisp 0.223529413342 0.149019613862 0.168627455831 0.631372570992 0.384313732386 0.898039221764
FAccPlayerBook 1.0 1.0 1.0 1.0 1.0 1.0
FAccKI 1.0 1.0 1.0 1.0 1.0 1.0
02_FAcc_Choker02 1.0 1.0 1.0 1.0 1.0 1.0
0.776470601559 0.549019634724 0.419607847929
9
0.0
0.0
0.0
0.0
0.0
0.0
0.0
0.0
0.0
4
0.0
0.176470592618
0.215686276555
0.364705890417
0.529411792755
1
