12
MFace 0.596078455448 0.658823549747 0.666666686535 1.0 1.0 1.0
01_MLHand01_01 0.843137264252 0.0980392172933 0.0901960805058 1.0 1.0 1.0
01_MRHand01_01 0.843137264252 0.0980392172933 0.0901960805058 1.0 1.0 1.0
02_MLFoot03_01 0.984313726425 1.0 1.0 0.988235294819 0.996078431606 1.0
02_MRFoot03_01 0.984313726425 1.0 1.0 0.988235294819 0.996078431606 1.0
01_MLegs02_01 0.0705882385373 0.0705882385373 0.0823529437184 0.0980392172933 0.0980392172933 0.113725490868
02_MTorso02_03 0.984313726425 0.992156863213 1.0 0.0196078438312 0.32549020648 0.443137258291
01_MHair01_03 0.674509823322 0.639215707779 0.627451002598 0.784313738346 0.733333349228 0.0666666701436
MAccKI 1.0 1.0 1.0 1.0 1.0 1.0
MAccPlayerBook 1.0 1.0 1.0 1.0 1.0 1.0
01_MFaceHair06_01 0.674509823322 0.639215707779 0.627451002598 1.0 1.0 1.0
01_MAccGlasses02_01 1.0 1.0 1.0 1.0 1.0 1.0
0.721568644047 0.505882382393 0.388235300779
9
-0.278431355953
-0.341176450253
-0.443137228489
-0.584313750267
-0.678431391716
-0.129411756992
-0.309803903103
-0.537254929543
-0.443137228489
4
0.0
0.176470592618
0.215686276555
0.364705890417
0.529411792755
0
