11
MFace 0.301960796118 0.521568655968 0.0235294122249 1.0 1.0 1.0
01_MLegs01_01 0.952941179276 0.996078431606 1.0 0.521568655968 0.0117647061124 0.0
01_MLHand01_01 0.843137264252 0.0980392172933 0.0901960805058 1.0 1.0 1.0
01_MRHand01_01 0.843137264252 0.0980392172933 0.0901960805058 1.0 1.0 1.0
01_MHair01_01 0.54509806633 0.470588237047 0.454901963472 0.505882382393 0.0235294122249 0.0
02_MLFoot03_01 0.976470589638 0.996078431606 1.0 0.466666668653 0.0549019612372 0.0117647061124
02_MRFoot03_01 0.976470589638 0.996078431606 1.0 0.466666668653 0.0549019612372 0.0117647061124
02_MTorso02_01 0.478431373835 0.0274509806186 0.00784313771874 0.988235294819 0.996078431606 1.0
03_MAccGlasses03_01 1.0 1.0 1.0 1.0 1.0 1.0
MAccPlayerBook 1.0 1.0 1.0 1.0 1.0 1.0
MAccKI 1.0 1.0 1.0 1.0 1.0 1.0
0.721568644047 0.505882382393 0.388235300779
9
-0.278431355953
-0.341176450253
-0.443137228489
-0.584313750267
-0.678431391716
-0.129411756992
-0.309803903103
-0.537254929543
-0.443137228489
4
0.0
0.176470592618
0.215686276555
0.364705890417
0.529411792755
0
