12
MFace 0.352941185236 0.541176497936 0.0156862754375 1.0 1.0 1.0
01_MLHand01_01 0.843137264252 0.0980392172933 0.0901960805058 1.0 1.0 1.0
01_MRHand01_01 0.843137264252 0.0980392172933 0.0901960805058 1.0 1.0 1.0
02_MLFoot03_01 0.396078437567 0.333333343267 0.0352941192687 0.0823529437184 0.345098048449 0.941176474094
02_MRFoot03_01 0.396078437567 0.333333343267 0.0352941192687 0.0823529437184 0.345098048449 0.941176474094
MReward_PubJacket 0.600000023842 0.0470588244498 0.0 0.0196078438312 0.32549020648 0.443137258291
01_MLegs02_01 0.635294139385 0.549019634724 0.0 0.458823531866 0.72549021244 1.0
03_MHAcc_DniFace 0.556862771511 0.482352942228 0.466666668653 0.784313738346 0.733333349228 0.0666666701436
JBDniHelmet 0.556862771511 0.482352942228 0.466666668653 0.784313738346 0.733333349228 0.0666666701436
03_MAccGlasses03_01 1.0 1.0 1.0 1.0 1.0 1.0
MAccPlayerBook 1.0 1.0 1.0 1.0 1.0 1.0
MAccKI 1.0 1.0 1.0 1.0 1.0 1.0
0.721568644047 0.505882382393 0.388235300779
9
-0.278431355953
-0.341176450253
-0.443137228489
-0.584313750267
-0.678431391716
-0.129411756992
-0.309803903103
-0.537254929543
-0.443137228489
4
0.0
0.176470592618
0.215686276555
0.364705890417
0.529411792755
0
