11
MFace 0.427450984716 0.0352941192687 0.0235294122249 1.0 1.0 1.0
01_MLegs01_01 0.0705882385373 0.0705882385373 0.0823529437184 0.666666686535 0.0235294122249 0.0
01_MLHand01_01 0.843137264252 0.0980392172933 0.0901960805058 1.0 1.0 1.0
01_MRHand01_01 0.843137264252 0.0980392172933 0.0901960805058 1.0 1.0 1.0
02_MLFoot03_01 0.886274516582 0.976470589638 1.0 0.0941176488996 0.0941176488996 0.105882354081
02_MRFoot03_01 0.886274516582 0.976470589638 1.0 0.0941176488996 0.0941176488996 0.105882354081
01_MTorso01_01 0.600000023842 0.0470588244498 0.0 0.0196078438312 0.32549020648 0.443137258291
03_MHAccStrawHat_01 0.541176497936 0.192156866193 0.1254902035 0.784313738346 0.733333349228 0.0666666701436
MAccPlayerBook 1.0 1.0 1.0 1.0 1.0 1.0
MAccKI 1.0 1.0 1.0 1.0 1.0 1.0
01_MFaceHair02_01 0.541176497936 0.192156866193 0.1254902035 1.0 1.0 1.0
0.721568644047 0.505882382393 0.388235300779
9
-0.278431355953
-0.341176450253
-0.443137228489
-0.584313750267
-0.678431391716
-0.129411756992
-0.309803903103
-0.537254929543
-0.443137228489
4
0.0
0.176470592618
0.215686276555
0.364705890417
0.529411792755
0
