11
MFace 0.435294121504 0.0313725508749 0.0196078438312 1.0 1.0 1.0
01_MLegs01_01 0.964705884457 0.984313726425 1.0 0.00784313771874 0.141176477075 0.474509805441
01_MLHand01_01 0.843137264252 0.0980392172933 0.0901960805058 1.0 1.0 1.0
01_MRHand01_01 0.843137264252 0.0980392172933 0.0901960805058 1.0 1.0 1.0
01_MHair01_01 0.505882382393 0.188235297799 0.117647059262 0.0 0.274509817362 0.584313750267
02_MLFoot03_01 0.976470589638 0.988235294819 1.0 0.0274509806186 0.180392161012 0.427450984716
02_MRFoot03_01 0.976470589638 0.988235294819 1.0 0.0274509806186 0.180392161012 0.427450984716
02_MTorso02_01 0.0235294122249 0.184313729405 0.439215689898 0.941176474094 1.0 0.996078431606
MAccPlayerBook 1.0 1.0 1.0 1.0 1.0 1.0
MAccKI 1.0 1.0 1.0 1.0 1.0 1.0
01_MFaceHair02_01 0.505882382393 0.188235297799 0.117647059262 1.0 1.0 1.0
0.721568644047 0.505882382393 0.388235300779
9
-0.278431355953
-0.341176450253
-0.443137228489
-0.584313750267
-0.678431391716
-0.129411756992
-0.309803903103
-0.537254929543
-0.443137228489
4
0.0
0.176470592618
0.215686276555
0.364705890417
0.529411792755
0
