11
MFace 0.301960796118 0.521568655968 0.0235294122249 1.0 1.0 1.0
01_MLHand01_01 0.843137264252 0.0980392172933 0.0901960805058 1.0 1.0 1.0
01_MRHand01_01 0.843137264252 0.0980392172933 0.0901960805058 1.0 1.0 1.0
01_MHair01_01 0.486274510622 0.396078437567 0.380392163992 0.784313738346 0.733333349228 0.0666666701436
02_MLFoot03_01 0.984313726425 1.0 1.0 0.988235294819 0.996078431606 1.0
02_MRFoot03_01 0.984313726425 1.0 1.0 0.988235294819 0.996078431606 1.0
02_MTorso02_03 0.984313726425 0.992156863213 1.0 0.0196078438312 0.32549020648 0.443137258291
01_MLegs02_01 0.0705882385373 0.0705882385373 0.0823529437184 0.0980392172933 0.0980392172933 0.113725490868
03_MAccGlasses03_01 1.0 1.0 1.0 1.0 1.0 1.0
MAccPlayerBook 1.0 1.0 1.0 1.0 1.0 1.0
MAccKI 1.0 1.0 1.0 1.0 1.0 1.0
0.721568644047 0.505882382393 0.388235300779
9
-0.278431355953
-0.341176450253
-0.443137228489
-0.584313750267
-0.678431391716
-0.129411756992
-0.309803903103
-0.537254929543
-0.443137228489
4
0.0
0.176470592618
0.215686276555
0.364705890417
0.529411792755
0
