13
MFace 0.556862771511 0.596078455448 0.596078455448 1.0 1.0 1.0
02_MTorso12_01 0.270588248968 0.0196078438312 0.447058826685 0.0196078438312 0.32549020648 0.443137258291
01_MLHand01_01 0.843137264252 0.0980392172933 0.0901960805058 1.0 1.0 1.0
01_MRHand01_01 0.843137264252 0.0980392172933 0.0901960805058 1.0 1.0 1.0
02_MLFoot03_01 0.219607844949 0.0196078438312 0.447058826685 0.0941176488996 0.0901960805058 0.101960785687
02_MRFoot03_01 0.219607844949 0.0196078438312 0.447058826685 0.0941176488996 0.0901960805058 0.101960785687
MReward_Pith 0.603921592236 0.549019634724 0.537254929543 0.227450981736 0.0196078438312 0.447058826685
02_MLegs01_01 0.380392163992 0.0 0.698039233685 0.0980392172933 0.0980392172933 0.113725490868
02_MAcc_PithHelmet 0.603921592236 0.549019634724 0.537254929543 0.227450981736 0.0196078438312 0.447058826685
MAccPlayerBook 1.0 1.0 1.0 1.0 1.0 1.0
MAccKI 1.0 1.0 1.0 1.0 1.0 1.0
01_MFaceHair06_01 0.603921592236 0.549019634724 0.537254929543 1.0 1.0 1.0
01_MAccGlasses02_01 1.0 1.0 1.0 1.0 1.0 1.0
0.721568644047 0.505882382393 0.388235300779
9
-0.278431355953
-0.341176450253
-0.443137228489
-0.584313750267
-0.678431391716
-0.129411756992
-0.309803903103
-0.537254929543
-0.443137228489
4
0.0
0.176470592618
0.215686276555
0.364705890417
0.529411792755
0
