11
MFace 0.447058826685 0.0274509806186 0.0156862754375 1.0 1.0 1.0
01_MHair01_01 0.588235318661 0.243137255311 0.109803922474 1.0 1.0 1.0
03_MRHand_Suit 1.0 1.0 1.0 1.0 1.0 1.0
03_MLHand_Suit 1.0 1.0 1.0 1.0 1.0 1.0
03_MTorso_Suit 1.0 1.0 1.0 1.0 1.0 1.0
03_MLegs_Suit 1.0 1.0 1.0 1.0 1.0 1.0
03_MLFoot_Suit 1.0 1.0 1.0 1.0 1.0 1.0
03_MRFoot_Suit 1.0 1.0 1.0 1.0 1.0 1.0
MAccPlayerBook 1.0 1.0 1.0 1.0 1.0 1.0
MAccKI 1.0 1.0 1.0 1.0 1.0 1.0
01_MFaceHair02_01 0.588235318661 0.243137255311 0.109803922474 1.0 1.0 1.0
0.870588243008 0.643137276173 0.474509805441
9
-0.278431355953
-0.341176450253
-0.443137228489
-0.584313750267
-0.678431391716
-0.129411756992
-0.309803903103
-0.537254929543
-0.443137228489
4
0.0
0.152941182256
0.0
0.674509823322
0.509803950787
0
