11
FFace 0.49803921580314636 0.2980392277240753 0.20000000298023224 1.0 1.0 1.0
02_FHair10 0.6941176652908325 0.13333334028720856 0.9098039269447327 1.0 1.0 1.0
03_FRFoot04_01 0.4588235318660736 0.027450980618596077 0.0117647061124444 1.0 1.0 1.0
03_FLFoot04_01 0.4588235318660736 0.027450980618596077 0.0117647061124444 1.0 1.0 1.0
FLegs_CargoShorts_TwoToned 0.01568627543747425 0.5882353186607361 0.8549019694328308 0.9921568632125854 0.4313725531101227 0.4117647111415863
01_FRHand01_02 0.9764705896377563 0.9921568632125854 0.9764705896377563 0.5372549295425415 0.019607843831181526 0.0
01_FLHand01_02 0.9764705896377563 0.9921568632125854 0.9764705896377563 0.5372549295425415 0.019607843831181526 0.0
FReward_TieDye 1.0 0.5490196347236633 0.5333333611488342 1.0 0.545098066329956 0.5333333611488342
02_FHair10_Wisp 0.6941176652908325 0.13333334028720856 0.9098039269447327 1.0 1.0 1.0
FAccKI 1.0 1.0 1.0 1.0 1.0 1.0
FAccPlayerBook 1.0 1.0 1.0 1.0 1.0 1.0
0.5764706134796143 0.3960784375667572 0.29411765933036804
9
0
0
0
0
0
0
0
0
0
4
0.0
0.1764705926179886
0.21568627655506134
0.364705890417099
0.529411792755127
1
