10
MFace 0.49803921580314636 0.2980392277240753 0.20000000298023224 0.40784314274787903 0.7529411911964417 0.3843137323856354
01_MLHand01_01 0.4000000059604645 0.7019608020782471 0.20392157137393951 1.0 1.0 1.0
01_MRHand01_01 0.4000000059604645 0.7019608020782471 0.20392157137393951 1.0 1.0 1.0
03_MLFoot04_01 1.0 1.0 1.0 1.0 1.0 1.0
03_MRFoot04_01 1.0 1.0 1.0 1.0 1.0 1.0
02_MHAccGolfCap_01 0.6901960968971252 0.4000000059604645 0.3019607961177826 0.1568627506494522 0.9176470637321472 0.8509804010391235
MReward_TieDye 0.529411792755127 0.9960784316062927 0.9803921580314636 0.08235294371843338 0.08235294371843338 0.0941176488995552
02_MLegs01_02 0.03921568766236305 0.8352941274642944 0.8156862854957581 0.0 0.0 0.0
MAccPlayerBook 1.0 1.0 1.0 1.0 1.0 1.0
MAccKI 1.0 1.0 1.0 1.0 1.0 1.0
0.0 1.0 1.0
9
-0.34901952743530273
-1.0
-0.06666666269302368
-0.4117646813392639
-0.15294116735458374
-1.0
0.15294122695922852
0.686274528503418
-0.09019607305526733
4
0.0
0.0
0.4901960790157318
0.0
0.054901961237192154
0
