10
FFace 0.4313725531101227 0.7098039388656616 0.6235294342041016 0.45490196347236633 0.8470588326454163 1.0
01_FLHand01_01 0.9921568632125854 1.0 0.95686274766922 0.9960784316062927 0.9921568632125854 1.0
01_FRHand01_01 0.9921568632125854 1.0 0.95686274766922 0.9960784316062927 0.9921568632125854 1.0
02_FLegs01_02 0.7450980544090271 0.7803922295570374 0.08627451211214066 0.5137255191802979 0.05098039284348488 0.0
03_FLFoot04_01 1.0 1.0 0.9764706492424011 0.9725490212440491 0.9725490212440491 1.0
03_FRFoot04_01 1.0 1.0 0.9764706492424011 0.9725490212440491 0.9725490212440491 1.0
02_FHAccGolfCap_01 0.9333333969116211 0.9058824181556702 0.38431376218795776 0.9490196704864502 0.9647059440612793 0.40392160415649414
FReward_TieDye 0.8509804606437683 0.8627451658248901 0.19215688109397888 0.6666666865348816 0.8392156958580017 0.29411765933036804
FAccPlayerBook 1.0 1.0 1.0 1.0 1.0 1.0
FAccKI 1.0 1.0 1.0 1.0 1.0 1.0
0.8999999761581421 0.8999999761581421 0.0
9
-0.15294115245342255
-0.019607841968536377
-0.04313725233078003
-0.10588234663009644
-0.04313725233078003
0.6705882549285889
0.14509809017181396
-0.011764705181121826
0.035294175148010254
4
0.0
0.21960784494876862
0.6392157077789307
0.13725490868091583
0.05098039284348488
1
