9
FFace 0.4313725531101227 0.7098039388656616 0.6235294342041016 0.45490196347236633 0.8470588326454163 1.0
01_FLHand01_01 1.0 0.9607843160629272 0.9490196108818054 0.9960784316062927 0.9921568632125854 1.0
01_FRHand01_01 0.9921568632125854 1.0 0.95686274766922 0.9960784316062927 0.9921568632125854 1.0
Icon_FHair_Beret 0.16862745583057404 0.14509804546833038 0.15294118225574493 0.4941176474094391 0.07450980693101883 0.0
02_ULFoot_Vans 0.42352941632270813 0.04313725605607033 0.0235294122248888 0.9725490212440491 0.9725490212440491 1.0
02_URFoot_Vans 0.42352941632270813 0.04313725605607033 0.0235294122248888 0.9725490212440491 0.9725490212440491 1.0
FReward_Atrus 0.3137255012989044 0.3960784375667572 1.0 0.6980392336845398 0.0313725508749485 0.0
02_FLegs01_01 0.6117647290229797 0.027450980618596077 0.0 0.5137255191802979 0.05098039284348488 0.0
FAcc_FHair_Beret 0.16862745583057404 0.14509804546833038 0.15294118225574493 0.4941176474094391 0.07450980693101883 0.0
0.8470588326454163 0.6627451181411743 0.5137255191802979
9
-0.3490195870399475
-0.18431371450424194
0.3333333730697632
-0.41960781812667847
0.37254905700683594
0.3647059202194214
0.30980396270751953
-0.32549017667770386
0.43529415130615234
4
0.0
0.0
0.4901960790157318
0.0
0.054901961237192154
1
