10
MFace 0.6705882549285889 0.8666666746139526 1.0 0.40784314274787903 0.686274528503418 1.0
01_MLegs01_01 0.125490203499794 0.125490203499794 0.1411764770746231 0.08627451211214066 0.08627451211214066 0.10196078568696976
01_MLHand01_01 0.9960784316062927 0.8823529481887817 0.49803921580314636 1.0 1.0 1.0
01_MRHand01_01 0.9960784316062927 0.8823529481887817 0.49803921580314636 1.0 1.0 1.0
01_MLFoot01_01 0.1882352977991104 0.1921568661928177 0.21176470816135406 0.5803921818733215 0.6274510025978088 0.6274510025978088
01_MRFoot01_01 0.1882352977991104 0.1921568661928177 0.21176470816135406 0.5803921818733215 0.6274510025978088 0.6274510025978088
02_MHAccGolfCap_01 0.95686274766922 0.772549033164978 0.4470588266849518 0.0784313753247261 0.0784313753247261 0.09019608050584793
03_MTorso13_01 0.7764706015586853 0.05882352963089943 0.0235294122248888 0.9843137264251709 0.9960784316062927 0.9921568632125854
MAccPlayerBook 1.0 1.0 1.0 1.0 1.0 1.0
MAccKI 1.0 1.0 1.0 1.0 1.0 1.0
0.8941176533699036 0.6784313917160034 0.5058823823928833
9
1.0
-1.0
-0.06666666269302368
-0.4117646813392639
-0.15294116735458374
-1.0
0.15294122695922852
0.686274528503418
-0.09019607305526733
4
0.0
0.1921568661928177
0.3843137323856354
0.41960784792900085
0.2549019753932953
0
