10
MFace 0.49803921580314636 0.2980392277240753 0.20000000298023224 0.40784314274787903 0.7529411911964417 0.3843137323856354
01_MLHand01_01 0.4000000059604645 0.7019608020782471 0.20392157137393951 1.0 1.0 1.0
01_MRHand01_01 0.4000000059604645 0.7019608020782471 0.20392157137393951 1.0 1.0 1.0
MReward_VestPlain 0.9372549057006836 0.95686274766922 1.0 0.08235294371843338 0.08235294371843338 0.0941176488995552
02_MLegs01_02 0.9843137264251709 1.0 1.0 0.0 0.0 0.0
03_MLFoot04_01 1.0 1.0 1.0 1.0 1.0 1.0
03_MRFoot04_01 1.0 1.0 1.0 1.0 1.0 1.0
02_MHAccGolfCap_01 0.6901960968971252 0.4000000059604645 0.3019607961177826 0.95686274766922 0.9960784316062927 1.0
MAccPlayerBook 1.0 1.0 1.0 1.0 1.0 1.0
MAccKI 1.0 1.0 1.0 1.0 1.0 1.0
1.0 0.0 0.0
9
-0.34901952743530273
-1.0
-0.06666666269302368
-0.4117646813392639
-0.15294116735458374
-1.0
0.15294122695922852
0.686274528503418
-0.09019607305526733
4
0.0
0.0
0.4901960790157318
0.0
0.054901961237192154
0
