10
FFace 0.5 0.30000001192092896 0.20000000298023224 1.0 1.0 1.0
03_FHair_SuitHelmet 1.0 1.0 1.0 1.0 1.0 1.0
Fan01_FTorso_BellyShirt 0.19607844948768616 0.5372549295425415 0.08235294371843338 1.0 1.0 1.0
01_FLHand01_01 0.960784375667572 1.0 0.9921569228172302 1.0 1.0 1.0
01_FRHand01_01 0.960784375667572 1.0 0.9921569228172302 1.0 1.0 1.0
03_FLFoot04_01 1.0 1.0 1.0 1.0 1.0 1.0
03_FRFoot04_01 1.0 1.0 1.0 1.0 1.0 1.0
02_FLegs03_01 0.1098039299249649 0.49803924560546875 0.0941176563501358 1.0 1.0 1.0
FAccPlayerBook 1.0 1.0 1.0 1.0 1.0 1.0
FAccKI 1.0 1.0 1.0 1.0 1.0 1.0
0.0 1.0 0.0
9
-0.5921568870544434
-0.8196078538894653
0.41960787773132324
-0.019607841968536377
-0.1294117569923401
-0.011764705181121826
-0.04313725233078003
0.003921627998352051
-0.027450978755950928
4
0.0
0.15294118225574493
0.0
0.6745098233222961
0.40784314274787903
1
