10
FFace 1.0 0.8392157554626465 0.6784313917160034 0.09803921729326248 0.09803921729326248 0.11372549086809158
01_FLHand01_01 0.9372549653053284 0.2666666805744171 0.22745099663734436 0.11372549086809158 0.10980392247438431 0.12156862765550613
01_FRHand01_01 0.9372549653053284 0.2666666805744171 0.22745099663734436 0.11372549086809158 0.10980392247438431 0.12156862765550613
FReward_Backpack 0.16862745583057404 0.250980406999588 0.9725490808486938 0.5686274766921997 0.011764707043766975 0.0
01_FLegs01_01 0.7764706611633301 0.11372549831867218 0.02352941408753395 0.0 0.20000001788139343 0.6745098233222961
03_FLFoot02_01 0.26274511218070984 0.33725491166114807 0.9960784912109375 0.6313725709915161 0.0313725508749485 0.0
03_FRFoot02_01 0.26274511218070984 0.33725491166114807 0.9960784912109375 0.6313725709915161 0.0313725508749485 0.0
FReward_HardHat 0.20784315466880798 0.1882353127002716 0.1882353127002716 0.0 0.16078431904315948 0.7411764860153198
FAccPlayerBook 1.0 1.0 1.0 1.0 1.0 1.0
FAccKI 1.0 1.0 1.0 1.0 1.0 1.0
0.8549020290374756 0.686274528503418 0.5333333611488342
9
0.2895568311214447
0.6912624835968018
0.3333333730697632
0.525731086730957
0.2987961173057556
-1.0
0.41545194387435913
0.22975009679794312
0.5904943943023682
4
0.0
0.0032621293794363737
0.0
0.3340625762939453
0.054901961237192154
1
