10
MFace 0.6705882549285889 0.8666666746139526 1.0 0.40784314274787903 0.686274528503418 1.0
01_MLHand01_01 0.9960784316062927 0.8823529481887817 0.49803921580314636 1.0 1.0 1.0
01_MRHand01_01 0.9960784316062927 0.8823529481887817 0.49803921580314636 1.0 1.0 1.0
01_MLFoot01_01 0.1882353127002716 0.19215688109397888 0.21176472306251526 0.5803921818733215 0.6274510025978088 0.6274510025978088
01_MRFoot01_01 0.1882353127002716 0.19215688109397888 0.21176472306251526 0.5803921818733215 0.6274510025978088 0.6274510025978088
MReward_Backpack 0.7764706611633301 0.05882353335618973 0.02352941408753395 0.011764707043766975 0.011764707043766975 0.5882353186607361
03_MHardHat 0.95686274766922 0.772549033164978 0.4470588266849518 0.0 0.05490196496248245 0.7058823704719543
01_MLegs01_01 0.0 0.0784313753247261 0.7058823704719543 0.08627451211214066 0.08627451211214066 0.10196078568696976
MAccPlayerBook 1.0 1.0 1.0 1.0 1.0 1.0
MAccKI 1.0 1.0 1.0 1.0 1.0 1.0
0.8941176533699036 0.6784313917160034 0.5058823823928833
9
-0.4196077883243561
-0.5686274766921997
-0.06666666269302368
-0.3960784077644348
-0.15294116735458374
-0.5764706134796143
0.15294122695922852
0.686274528503418
-0.09019607305526733
4
0.0
0.1921568661928177
0.3843137323856354
0.41960784792900085
0.25797131657600403
0
