10
MFace 0.5 0.30000001192092896 0.20000000298023224 1.0 1.0 1.0
03_MRHand_Suit 1.0 1.0 1.0 1.0 1.0 1.0
03_MLHand_Suit 1.0 1.0 1.0 1.0 1.0 1.0
03_MHAcc_SuitHelmet 1.0 1.0 1.0 1.0 1.0 1.0
01_MTorso01_01 0.05882353335618973 0.4078431725502014 0.08627451211214066 1.0 1.0 1.0
02_MLegs01_01 0.26274511218070984 0.529411792755127 0.04313725605607033 0.1411764770746231 0.48235297203063965 0.062745101749897
03_MLFoot04_01 1.0 1.0 1.0 1.0 1.0 1.0
03_MRFoot04_01 1.0 1.0 1.0 1.0 1.0 1.0
MAccPlayerBook 1.0 1.0 1.0 1.0 1.0 1.0
MAccKI 1.0 1.0 1.0 1.0 1.0 1.0
0.0 1.0 0.0
9
-0.5921568870544434
1.0
-0.003921568393707275
-0.3176470398902893
-0.003921568393707275
-0.03529411554336548
0.686274528503418
-1.0
-1.0
4
0.0
0.15294118225574493
0.0
0.6745098233222961
0.40784314274787903
0
