11
MFace 0.15294118225574493 0.13725490868091583 0.13725490868091583 0.08235294371843338 0.08235294371843338 0.0941176563501358
02_MHair01_01 0.007843137718737125 0.7490196228027344 0.7843137979507446 1.0 1.0 1.0
01_MLHand01_01 1.0 1.0 1.0 1.0 1.0 1.0
01_MRHand01_01 1.0 1.0 1.0 1.0 1.0 1.0
03_MLFoot04_01 1.0 1.0 1.0 1.0 1.0 1.0
03_MRFoot04_01 1.0 1.0 1.0 1.0 1.0 1.0
Fan01_MTorso_TShirts_02 0.48627451062202454 0.658823549747467 0.6078431606292725 1.0 1.0 1.0
02_MLegs01_02 0.007843137718737125 0.7803922295570374 0.7647059559822083 0.0 0.0 0.0
03_MAccGlasses03_01 0.08235294371843338 0.08235294371843338 0.0941176563501358 1.0 1.0 1.0
MAccPlayerBook 1.0 1.0 1.0 1.0 1.0 1.0
MAccKI 1.0 1.0 1.0 1.0 1.0 1.0
0.0 1.0 1.0
9
-0.2628587484359741
-1.0
-0.06666666269302368
-0.4117646813392639
-0.15294116735458374
-1.0
0.15294122695922852
0.686274528503418
-0.09019607305526733
4
0.0
0.21960784494876862
0.6392157077789307
0.13725490868091583
0.0
0
