12
FFace 0.4313725531101227 0.7098039388656616 0.6235294342041016 0.07450980693101883 0.07450980693101883 0.08627451211214066
01_FLHand01_01 0.9647059440612793 0.45098042488098145 0.3176470696926117 0.9960784316062927 0.9921568632125854 1.0
01_FRHand01_01 0.9647059440612793 0.45098042488098145 0.3176470696926117 0.9960784316062927 0.9921568632125854 1.0
03_FLFoot04_01 0.9882352948188782 0.9843137264251709 1.0 0.9725490212440491 0.9725490212440491 1.0
03_FRFoot04_01 0.9882352948188782 0.9843137264251709 1.0 0.9725490212440491 0.9725490212440491 1.0
Fan01_FTorso_TShirts_02 0.0941176488995552 0.22745098173618317 0.9372549057006836 0.6666666865348816 0.8392156958580017 0.29411765933036804
02_FLegs01_02 0.6784313917160034 0.007843137718737125 0.0 0.5137255191802979 0.05098039284348488 0.0
Icon_FHair_Beret 0.8666667342185974 0.1725490242242813 0.14901961386203766 0.7764706611633301 0.06666667014360428 0.02352941408753395
FAccPlayerBook 1.0 1.0 1.0 1.0 1.0 1.0
FAccKI 1.0 1.0 1.0 1.0 1.0 1.0
FAcc_FHair_Beret 0.8666667342185974 0.1725490242242813 0.14901961386203766 0.7764706611633301 0.06666667014360428 0.02352941408753395
03_FAccGlasses03_01 0.07450980693101883 0.07450980693101883 0.08627451211214066 1.0 1.0 1.0
1.0 0.0 0.0
9
-0.15294122695922852
-0.019607841968536377
-0.04313725233078003
-0.10588234663009644
-0.04313725233078003
0.6705882549285889
0.14509809017181396
-0.011764705181121826
0.035294175148010254
4
0.0
0.21960784494876862
0.6392157077789307
0.13725490868091583
0.05098039284348488
1
