11
FFace 0.4313725531101227 0.7098039388656616 0.6235294342041016 0.45490196347236633 0.8470588326454163 1.0
02_FHair07 0.4745098352432251 0.458823561668396 0.4431372880935669 1.0 0.9490196704864502 0.8274510502815247
FTorso_Sweatshirt_Blank 0.37254902720451355 0.38823533058166504 0.40392160415649414 0.6666666865348816 0.8392156958580017 0.29411765933036804
01_FLHand01_03 0.5372549295425415 0.5921568870544434 0.6117647290229797 0.9960784316062927 0.9921568632125854 1.0
01_FRHand01_03 0.5372549295425415 0.5921568870544434 0.6117647290229797 0.9960784316062927 0.9921568632125854 1.0
01_FLegs02_01 0.3764706254005432 0.3960784673690796 0.41960787773132324 0.5137255191802979 0.05098039284348488 0.0
02_ULFoot_Vans 0.3607843220233917 0.3764706254005432 0.38823533058166504 0.9725490212440491 0.9725490212440491 1.0
02_URFoot_Vans 0.3607843220233917 0.3764706254005432 0.38823533058166504 0.9725490212440491 0.9725490212440491 1.0
02_FHair07_Wisp 0.4745098352432251 0.458823561668396 0.4431372880935669 1.0 0.9490196704864502 0.8274510502815247
FAccPlayerBook 1.0 1.0 1.0 1.0 1.0 1.0
FAccKI 1.0 1.0 1.0 1.0 1.0 1.0
0.699999988079071 0.0 0.0
9
-0.15294115245342255
-0.019607841968536377
-0.04313725233078003
-0.10588234663009644
-0.04313725233078003
0.6705882549285889
0.14509809017181396
-0.011764705181121826
0.035294175148010254
4
0.0
0.21960784494876862
0.6392157077789307
0.13725490868091583
0.05098039284348488
1
