11
MFace 0.15294118225574493 0.13725490868091583 0.13725490868091583 1.0 1.0 1.0
02_MHair01_01 0.19607844948768616 0.18039216101169586 0.18039216101169586 1.0 1.0 1.0
01_MTorso01_01 0.2980392277240753 0.3137255012989044 0.32549020648002625 1.0 1.0 1.0
01_MLegs02_01 0.3450980484485626 0.3607843220233917 0.3764706254005432 0.3490196168422699 0.364705890417099 0.38823533058166504
01_MLFoot01_01 0.2862745225429535 0.2980392277240753 0.30980393290519714 0.14509804546833038 0.14509804546833038 0.16470588743686676
01_MRFoot01_01 0.2862745225429535 0.2980392277240753 0.30980393290519714 0.14509804546833038 0.14509804546833038 0.16470588743686676
01_MLHandGlove02_01 0.33725491166114807 0.3529411852359772 0.364705890417099 1.0 1.0 1.0
01_MRHandGlove02_01 0.33725491166114807 0.3529411852359772 0.364705890417099 1.0 1.0 1.0
MReward_Goggles 1.0 1.0 1.0 1.0 1.0 1.0
MAccPlayerBook 1.0 1.0 1.0 1.0 1.0 1.0
MAccKI 1.0 1.0 1.0 1.0 1.0 1.0
0.0 1.0 1.0
9
1.0
-1.0
-0.06666666269302368
-0.4117646813392639
-0.15294116735458374
-1.0
0.15294122695922852
0.686274528503418
-0.09019607305526733
4
0.0
0.21960784494876862
0.6392157077789307
0.13725490868091583
0.0
0
