11
FFace 0.6235294342041016 0.8823530077934265 0.6196078658103943 1.0 1.0 1.0
Icon_FHair_ShortMock1 0.29019609093666077 0.16078431904315948 0.15294118225574493 0.501960813999176 0.5333333611488342 0.529411792755127
FReward_FleeceSpiral 0.9686275124549866 0.5333333611488342 1.0 0.5411764979362488 0.960784375667572 1.0
01_FLHand01_01 1.0 1.0 1.0 1.0 1.0 1.0
01_FRHand01_01 1.0 1.0 1.0 1.0 1.0 1.0
01_FLegs01_01 1.0 1.0 1.0 1.0 1.0 1.0
02_FLFoot03_01 1.0 1.0 1.0 1.0 1.0 1.0
02_FRFoot03_01 1.0 1.0 1.0 1.0 1.0 1.0
FAcc_FHair_ShortMock1 0.29019609093666077 0.16078431904315948 0.15294118225574493 0.501960813999176 0.5333333611488342 0.529411792755127
FAccPlayerBook 1.0 1.0 1.0 1.0 1.0 1.0
FAccKI 1.0 1.0 1.0 1.0 1.0 1.0
0.8392157554626465 0.658823549747467 0.5137255191802979
9
-0.5921568870544434
-0.8196078538894653
0.41960787773132324
-0.019607841968536377
-0.1294117569923401
-0.011764705181121826
-0.04313725233078003
0.003921627998352051
-0.027450978755950928
4
0.0
0.15294118225574493
0.0
0.6745098233222961
0.07649390399456024
1
