10
MFace 0.6470588445663452 0.5137255191802979 0.45098042488098145 1.0 1.0 1.0
01_MLHand01_01 1.0 1.0 1.0 1.0 1.0 1.0
01_MRHand01_01 1.0 1.0 1.0 1.0 1.0 1.0
03_MHAccStrawHat_01 0.34117648005485535 0.14509804546833038 0.15294118225574493 0.9411765336990356 0.9764706492424011 1.0
03_MTorso14_01 0.6000000238418579 0.7019608020782471 1.0 1.0 1.0 1.0
02_MLegs03_02 0.43529415130615234 0.6784313917160034 1.0 1.0 1.0 1.0
01_MLFoot01_01 0.7803922295570374 0.7882353663444519 1.0 1.0 1.0 1.0
01_MRFoot01_01 0.7803922295570374 0.7882353663444519 1.0 1.0 1.0 1.0
MAccPlayerBook 1.0 1.0 1.0 1.0 1.0 1.0
MAccKI 1.0 1.0 1.0 1.0 1.0 1.0
0.7686275243759155 0.5607843399047852 0.44705885648727417
9
0.08001884073019028
1.0
0.43492186069488525
-0.003921568393707275
-0.003921568393707275
-0.003921568393707275
0.5516170263290405
-0.003921568393707275
-0.42102134227752686
4
0.0
0.0
0.8528549075126648
0.14714503288269043
0.40784314274787903
0
