11
FFace 0.6235294342041016 0.8823530077934265 0.6196078658103943 1.0 1.0 1.0
01_FLHand01_01 1.0 1.0 1.0 1.0 1.0 1.0
01_FRHand01_01 1.0 1.0 1.0 1.0 1.0 1.0
02_FHair09 0.29019609093666077 0.16078431904315948 0.15294118225574493 0.501960813999176 0.5333333611488342 0.529411792755127
Fan01_FTorso_BellyShirt 0.9686275124549866 0.5333333611488342 1.0 0.5176470875740051 0.02352941408753395 0.0
02_FLegs01_02 0.9098039865493774 0.3764706254005432 0.9960784912109375 1.0 1.0 1.0
03_FLFoot04_01 1.0 1.0 1.0 1.0 1.0 1.0
03_FRFoot04_01 1.0 1.0 1.0 1.0 1.0 1.0
FAccPlayerBook 1.0 1.0 1.0 1.0 1.0 1.0
FAccKI 1.0 1.0 1.0 1.0 1.0 1.0
02_FHair09_Wisp 0.29019609093666077 0.16078431904315948 0.15294118225574493 0.501960813999176 0.5333333611488342 0.529411792755127
0.8392157554626465 0.658823549747467 0.5137255191802979
9
-0.5921568870544434
-0.8196078538894653
0.41960787773132324
-0.019607841968536377
-0.1294117569923401
-0.011764705181121826
-0.04313725233078003
0.003921627998352051
-0.027450978755950928
4
0.0
0.15294118225574493
0.0
0.6745098233222961
0.07649390399456024
1
