11
FFace 0.470588237047 0.239215686917 0.00784313771874 1.0 1.0 1.0
01_FLegs01_01 0.952941179276 0.478431373835 0.474509805441 0.690196096897 0.301960796118 0.298039227724
Icon_FHair_Swept1 0.996078431606 0.658823549747 0.654901981354 0.972549021244 0.552941203117 0.54509806633
FReward_RHikingBoot 0.0784313753247 0.0784313753247 0.0901960805058 0.843137264252 0.396078437567 0.109803922474
FReward_LHikingBoot 0.0784313753247 0.0784313753247 0.0901960805058 0.843137264252 0.396078437567 0.109803922474
03_FTorso10_01 0.972549021244 0.54509806633 0.541176497936 0.572549045086 0.32549020648 0.32549020648
01_FLHand01_02 0.917647063732 0.423529416323 0.407843142748 0.611764729023 0.35686275363 0.337254911661
01_FRHand01_02 0.917647063732 0.423529416323 0.407843142748 0.611764729023 0.35686275363 0.337254911661
FAcc_FHair_Swept1 0.996078431606 0.658823549747 0.654901981354 0.972549021244 0.552941203117 0.54509806633
FAccKI 1.0 1.0 1.0 1.0 1.0 1.0
FAccPlayerBook 1.0 1.0 1.0 1.0 1.0 1.0
0.858823537827 0.705882370472 0.552941203117
9
0.0
0.0
0.0
0.0
0.0
0.0
0.0
0.0
0.0
4
0.0
0.176470592618
0.215686276555
0.364705890417
0.529411792755
1
