11
FFace 0.470588237047 0.239215686917 0.00784313771874 1.0 1.0 1.0
01_FLHand01_01 0.521568655968 0.368627458811 0.0 0.611764729023 0.35686275363 0.337254911661
01_FRHand01_01 0.521568655968 0.368627458811 0.0 0.611764729023 0.35686275363 0.337254911661
03_FHAcc_DniFace 0.764705896378 0.509803950787 0.0705882385373 0.972549021244 0.552941203117 0.54509806633
02_FTorso12_03 0.850980401039 0.639215707779 0.137254908681 0.933333337307 0.639215707779 0.274509817362
01_FLFoot01_01 0.850980401039 0.654901981354 0.137254908681 0.466666668653 0.368627458811 0.0117647061124
01_FRFoot01_01 0.850980401039 0.654901981354 0.137254908681 0.466666668653 0.368627458811 0.0117647061124
03_FLegs02_01 0.647058844566 0.443137258291 0.0 0.850980401039 0.654901981354 0.137254908681
DniHelmet 0.764705896378 0.509803950787 0.0705882385373 0.972549021244 0.552941203117 0.54509806633
FAccKI 1.0 1.0 1.0 1.0 1.0 1.0
FAccPlayerBook 1.0 1.0 1.0 1.0 1.0 1.0
0.858823537827 0.705882370472 0.552941203117
9
0.0
0.0
0.0
0.0
0.0
0.0
0.0
0.0
0.0
4
0.0
0.176470592618
0.215686276555
0.364705890417
0.529411792755
1
