9
FFace 0.470588237047 0.239215686917 0.00784313771874 1.0 1.0 1.0
01_FLegs01_01 0.43137255311 0.0313725508749 0.0235294122249 0.572549045086 0.32549020648 0.32549020648
01_FLHand01_01 0.419607847929 0.0352941192687 0.0274509806186 0.800000011921 0.0862745121121 0.0431372560561
01_FRHand01_01 0.419607847929 0.0352941192687 0.0274509806186 0.800000011921 0.0862745121121 0.0431372560561
FReward_LHikingBoot 0.443137258291 0.0274509806186 0.0196078438312 0.43137255311 0.0313725508749 0.0235294122249
FReward_RHikingBoot 0.443137258291 0.0274509806186 0.0196078438312 0.43137255311 0.0313725508749 0.0235294122249
03_FTorso06_01 0.419607847929 0.0352941192687 0.0274509806186 0.529411792755 0.341176480055 0.337254911661
Icon_FHair_Beret 0.996078431606 0.68235296011 0.654901981354 0.419607847929 0.0392156876624 0.0274509806186
FAcc_FHair_Beret 0.996078431606 0.68235296011 0.654901981354 0.419607847929 0.0392156876624 0.0274509806186
0.921568632126 0.729411780834 0.501960813999
9
0.0
0.0
0.0
0.0
0.0
0.0
0.0
0.0
0.0
4
0.0
0.176470592618
0.215686276555
0.364705890417
0.529411792755
1
