11
FFace 0.470588237047 0.239215686917 0.00784313771874 1.0 1.0 1.0
01_FLHand01_01 0.419607847929 0.0352941192687 0.0274509806186 0.800000011921 0.0862745121121 0.0431372560561
01_FRHand01_01 0.419607847929 0.0352941192687 0.0274509806186 0.800000011921 0.0862745121121 0.0431372560561
Icon_FHair_Swept1 0.972549021244 0.549019634724 0.43137255311 0.89411765337 0.686274528503 0.423529416323
02_FTorso11_01 0.419607847929 0.0352941192687 0.0274509806186 0.423529416323 0.0352941192687 0.0235294122249
02_FLFoot01_01 0.443137258291 0.0274509806186 0.0196078438312 0.43137255311 0.0313725508749 0.0235294122249
02_FRFoot01_01 0.443137258291 0.0274509806186 0.0196078438312 0.43137255311 0.0313725508749 0.0235294122249
02_FLegs03_01 0.933333337307 0.674509823322 0.411764711142 0.40000000596 0.482352942228 0.57647061348
FAcc_FHair_Swept1 0.972549021244 0.549019634724 0.43137255311 0.89411765337 0.686274528503 0.423529416323
FAccKI 1.0 1.0 1.0 1.0 1.0 1.0
FAccPlayerBook 1.0 1.0 1.0 1.0 1.0 1.0
0.921568632126 0.729411780834 0.501960813999
9
0.0
0.0
0.0
0.0
0.0
0.0
0.0
0.0
0.0
4
0.0
0.176470592618
0.215686276555
0.364705890417
0.529411792755
1
