8
FFace 0.498039215803 0.298039227724 0.20000000298 1.0 1.0 1.0
01_FLegs01_01 0.376470595598 0.450980395079 0.690196096897 0.0 0.0 0.0
02_FTorso12_01 0.380392163992 0.537254929543 0.701960802078 1.0 1.0 1.0
01_FLHand01_01 1.0 1.0 1.0 1.0 1.0 1.0
01_FRHand01_01 1.0 1.0 1.0 1.0 1.0 1.0
02_FHair03_01 0.5 0.300000011921 0.20000000298 1.0 1.0 1.0
02_FLFoot03_01 1.0 1.0 1.0 1.0 1.0 1.0
02_FRFoot03_01 1.0 1.0 1.0 1.0 1.0 1.0
0.941176474094 0.850980401039 0.701960802078
9
-0.592156887054
-0.819607853889
0.419607877731
-0.0196078419685
-0.129411756992
-0.0117647051811
-0.0431372523308
0.00392162799835
-0.027450978756
4
0.0
0.152941182256
0.0
0.674509823322
0.407843142748
1
