12
FFace 0.23137255012989044 0.239215686917305 0.2666666805744171 1.0 1.0 1.0
01_FLHand01_01 0.9686275124549866 0.9960784912109375 1.0 0.800000011920929 0.08627451211214066 0.04313725605607033
01_FRHand01_01 0.9686275124549866 0.9960784912109375 1.0 0.800000011920929 0.08627451211214066 0.04313725605607033
02_URFoot_Vans 0.2705882489681244 0.0 0.7490196228027344 0.5568627715110779 0.3490196168422699 0.8666666746139526
02_ULFoot_Vans 0.2705882489681244 0.0 0.7490196228027344 0.5568627715110779 0.3490196168422699 0.8666666746139526
FReward_Backpack 0.41960787773132324 0.9843137860298157 0.8980392813682556 0.32549020648002625 0.24313727021217346 0.7176470756530762
FReward_Pith 0.2039215862751007 0.18431372940540314 0.18431372940540314 0.25882354378700256 0.07058823853731155 0.9137255549430847
02_FLegs04_01 0.27843138575553894 0.07058823853731155 0.9137255549430847 0.07058823853731155 0.07058823853731155 0.08627451211214066
FAcc_PithHelmet 0.2039215862751007 0.18431372940540314 0.18431372940540314 0.25882354378700256 0.07058823853731155 0.9137255549430847
02_FAcc_Choker02 1.0 1.0 1.0 1.0 1.0 1.0
FAccPlayerBook 1.0 1.0 1.0 1.0 1.0 1.0
FAccKI 1.0 1.0 1.0 1.0 1.0 1.0
0.7764706015586853 0.5490196347236633 0.41960784792900085
9
-0.18431369960308075
0.6313725709915161
0.3333333730697632
-0.41960781812667847
0.37254905700683594
0.6705882549285889
0.30980396270751953
0.5607843399047852
0.43529415130615234
4
0.0
0.11372549086809158
0.29411765933036804
0.05098039284348488
0.20000000298023224
1
