8
FFace 0.5 0.30000001192092896 0.20000000298023224 1.0 1.0 1.0
03_FLHand_Suit 1.0 1.0 1.0 1.0 1.0 1.0
03_FRHand_Suit 1.0 1.0 1.0 1.0 1.0 1.0
03_FTorso_Suit 1.0 1.0 1.0 1.0 1.0 1.0
03_FLegs_Suit 1.0 1.0 1.0 1.0 1.0 1.0
03_FLFoot_Suit 1.0 1.0 1.0 1.0 1.0 1.0
03_FRFoot_Suit 1.0 1.0 1.0 1.0 1.0 1.0
03_FHair_SuitHelmet 1.0 1.0 1.0 1.0 1.0 1.0
0.9411764740943909 0.8509804010391235 0.7019608020782471
9
-0.5921568870544434
-0.8196078538894653
0.41960787773132324
-0.019607841968536377
-0.1294117569923401
-0.011764705181121826
-0.04313725233078003
0.003921627998352051
-0.027450978755950928
4
0.0
0.15294118225574493
0.0
0.6745098233222961
0.40784314274787903
1
