11
MFace 0.6705882549285889 0.8666667342185974 1.0 0.40784314274787903 0.686274528503418 1.0
01_MLHand01_01 0.9960784316062927 0.8823529481887817 0.49803921580314636 1.0 1.0 1.0
01_MRHand01_01 0.9960784316062927 0.8823529481887817 0.49803921580314636 1.0 1.0 1.0
01_MLFoot01_01 0.729411780834198 0.6117647290229797 1.0 0.9647059440612793 0.8784314393997192 1.0
01_MRFoot01_01 0.729411780834198 0.6117647290229797 1.0 0.9647059440612793 0.8784314393997192 1.0
MReward_Pith 0.9568628072738647 0.7725490927696228 0.44705885648727417 0.6823529601097107 0.6078431606292725 1.0
03_MLegs02_01 0.8980392813682556 0.5215686559677124 0.37254902720451355 0.08627451211214066 0.08627451211214066 0.10196079313755035
01_MTorso01_01 0.6392157077789307 0.6078431606292725 1.0 0.8313726186752319 0.5960784554481506 0.4117647409439087
02_MAcc_PithHelmet 0.9568628072738647 0.7725490927696228 0.44705885648727417 0.6823529601097107 0.6078431606292725 1.0
MAccPlayerBook 1.0 1.0 1.0 1.0 1.0 1.0
MAccKI 1.0 1.0 1.0 1.0 1.0 1.0
0.8941177129745483 0.6784313917160034 0.5058823823928833
9
-0.1890087127685547
-0.5607843399047852
-0.06666666269302368
-0.3960784077644348
-0.15294116735458374
-0.5686274766921997
0.15294122695922852
0.686274528503418
-0.09019607305526733
4
0.0
0.1921568661928177
0.3843137323856354
0.41960784792900085
0.25797131657600403
0
