11
MFace 0.5 0.30000001192092896 0.20000000298023224 1.0 1.0 1.0
03_MTorso_Suit 1.0 1.0 1.0 1.0 1.0 1.0
03_MLegs_Suit 1.0 1.0 1.0 1.0 1.0 1.0
03_MLFoot_Suit 1.0 1.0 1.0 1.0 1.0 1.0
03_MRFoot_Suit 1.0 1.0 1.0 1.0 1.0 1.0
01_MLHand01_01 1.0 1.0 1.0 1.0 1.0 1.0
01_MRHand01_01 1.0 1.0 1.0 1.0 1.0 1.0
02_MHair01_02 1.0 1.0 1.0 1.0 1.0 1.0
01_MFaceHair03_01 1.0 1.0 1.0 1.0 1.0 1.0
MAccPlayerBook 1.0 1.0 1.0 1.0 1.0 1.0
MAccKI 1.0 1.0 1.0 1.0 1.0 1.0
0.9411764740943909 0.8509804010391235 0.7019608020782471
9
-0.5921568870544434
1.0
-0.003921568393707275
-0.3176470398902893
-0.003921568393707275
-0.03529411554336548
0.686274528503418
-1.0
-1.0
4
0.0
0.15294118225574493
0.0
0.6745098233222961
0.40784314274787903
0
