12
MFace 0.9843137264251709 0.9725490212440491 1.0 1.0 1.0 1.0
01_MLHand01_01 1.0 1.0 1.0 1.0 1.0 1.0
01_MRHand01_01 1.0 1.0 1.0 1.0 1.0 1.0
01_MLFoot01_01 0.5254902243614197 0.5568627715110779 0.5568627715110779 1.0 1.0 1.0
01_MRFoot01_01 0.5254902243614197 0.5568627715110779 0.5568627715110779 1.0 1.0 1.0
03_MTorso_Suit 1.0 1.0 1.0 1.0 1.0 1.0
01_MLegs02_01 0.9725490212440491 0.6666666865348816 0.364705890417099 0.6901960968971252 0.40784314274787903 0.007843137718737125
03_MHAcc_DniFace 0.37254902720451355 0.14901961386203766 0.1882352977991104 1.0 1.0 1.0
JBDniHelmet 0.37254902720451355 0.14901961386203766 0.1882352977991104 1.0 1.0 1.0
01_MFaceHair08_01 0.37254902720451355 0.14901961386203766 0.1882352977991104 1.0 1.0 1.0
MAccPlayerBook 1.0 1.0 1.0 1.0 1.0 1.0
MAccKI 1.0 1.0 1.0 1.0 1.0 1.0
0.9450980424880981 0.9137254953384399 0.8117647171020508
9
-0.41960781812667847
-0.5686274766921997
-0.06666666269302368
-0.3960784077644348
-0.15294116735458374
-0.5764706134796143
0.15294122695922852
0.686274528503418
-0.09019607305526733
4
0.0
0.15294118225574493
0.0
0.6745098233222961
0.40784314274787903
0
