11
FFace 0.9803922176361084 0.9803922176361084 1.0 1.0 1.0 1.0
01_FLHand01_01 1.0 1.0 1.0 1.0 1.0 1.0
01_FRHand01_01 1.0 1.0 1.0 1.0 1.0 1.0
03_FLFoot_Suit 1.0 1.0 1.0 1.0 1.0 1.0
03_FRFoot_Suit 1.0 1.0 1.0 1.0 1.0 1.0
FReward_PubJacket 1.0 1.0 1.0 1.0 1.0 1.0
01_FLegs02_01 0.572549045085907 0.3764706254005432 0.0 1.0 1.0 1.0
03_FHAcc_DniFace 0.9215686917304993 0.960784375667572 0.9254902601242065 1.0 1.0 1.0
FAccPlayerBook 1.0 1.0 1.0 1.0 1.0 1.0
FAccKI 1.0 1.0 1.0 1.0 1.0 1.0
DniHelmet 0.9215686917304993 0.960784375667572 0.9254902601242065 1.0 1.0 1.0
0.9411764740943909 0.8509804010391235 0.7019608020782471
9
-0.5921568870544434
-0.8196078538894653
0.41960787773132324
-0.019607841968536377
-0.1294117569923401
-0.011764705181121826
-0.04313725233078003
0.003921627998352051
-0.027450978755950928
4
0.0
0.0
0.7255174517631531
0.2744825780391693
0.05414949730038643
1
