11
MFace 0.9843137860298157 0.9725490808486938 1.0 1.0 1.0 1.0
03_MTorso_Suit 1.0 1.0 1.0 1.0 1.0 1.0
01_MLHand01_01 1.0 1.0 1.0 1.0 1.0 1.0
01_MRHand01_01 1.0 1.0 1.0 1.0 1.0 1.0
02_MHair_Ponytail 0.37254902720451355 0.14901961386203766 0.1882353127002716 1.0 1.0 1.0
01_MLFoot01_01 0.5254902243614197 0.5568627715110779 0.5568627715110779 1.0 1.0 1.0
01_MRFoot01_01 0.5254902243614197 0.5568627715110779 0.5568627715110779 1.0 1.0 1.0
01_MLegs02_01 0.9725490808486938 0.6666666865348816 0.364705890417099 0.6901960968971252 0.4078431725502014 0.007843137718737125
MAccPlayerBook 1.0 1.0 1.0 1.0 1.0 1.0
MAccKI 1.0 1.0 1.0 1.0 1.0 1.0
01_MFaceHair08_01 0.37254902720451355 0.14901961386203766 0.1882353127002716 1.0 1.0 1.0
0.9450981020927429 0.9137255549430847 0.8117647767066956
9
-0.5921568870544434
1.0
-0.003921568393707275
-0.3176470398902893
-0.003921568393707275
-0.03529411554336548
0.686274528503418
-1.0
-1.0
4
0.0
0.15294118225574493
0.0
0.6745098233222961
0.40784314274787903
0
