11
FFace 0.917647123336792 0.8862745761871338 0.2705882489681244 1.0 1.0 1.0
02_FTorso12_01 0.0941176563501358 0.0941176563501358 0.10588236153125763 1.0 1.0 1.0
01_FLHand01_01 0.09803922474384308 0.10196079313755035 0.1098039299249649 0.9960784316062927 0.9921568632125854 1.0
01_FRHand01_01 0.09803922474384308 0.10196079313755035 0.1098039299249649 1.0 1.0 1.0
Icon_FHair_Curly1 0.9450981020927429 0.9254902601242065 0.8862745761871338 1.0 1.0 1.0
02_FLegs01_01 0.08235294371843338 0.08235294371843338 0.0941176563501358 0.0 0.0 0.0
03_FLFoot04_01 0.0941176563501358 0.0941176563501358 0.1098039299249649 1.0 1.0 1.0
03_FRFoot04_01 0.0941176563501358 0.0941176563501358 0.1098039299249649 1.0 1.0 1.0
FAcc_FHair_Curly1 0.9450981020927429 0.9254902601242065 0.8862745761871338 1.0 1.0 1.0
FAccPlayerBook 1.0 1.0 1.0 1.0 1.0 1.0
FAccKI 1.0 1.0 1.0 1.0 1.0 1.0
0.2980392277240753 0.49803921580314636 0.4000000059604645
9
-0.49803924560546875
-1.0
-0.06666666269302368
-0.06666666269302368
-0.09019607305526733
0.027451038360595703
0.035294175148010254
0.301960825920105
-0.15294116735458374
4
0.0
0.0
0.0
1.0
1.0
1
