11
MFace 0.403921604156 0.396078467369 0.384313762188 0.980392158031 0.945098042488 1.0
02_MTorso12_01 0.360784322023 0.360784322023 0.349019616842 0.0196078438312 0.32549020648 0.443137258291
01_MLHand01_01 0.843137264252 0.0980392172933 0.0901960805058 1.0 1.0 1.0
01_MRHand01_01 0.843137264252 0.0980392172933 0.0901960805058 1.0 1.0 1.0
03_MLFoot04_01 0.886274516582 0.976470589638 1.0 0.0941176488996 0.0941176488996 0.105882354081
03_MRFoot04_01 0.886274516582 0.976470589638 1.0 0.0941176488996 0.0941176488996 0.105882354081
02_MHair01_01 0.525490224361 0.454901993275 0.431372582912 0.282352954149 0.215686291456 0.98431378603
02_MLegs01_01 0.596078455448 0.588235318661 0.564705908298 0.380392193794 0.384313762188 0.368627458811
01_MFaceHair05_01 0.525490224361 0.454901993275 0.431372582912 1.0 1.0 1.0
MAccPlayerBook 1.0 1.0 1.0 1.0 1.0 1.0
MAccKI 1.0 1.0 1.0 1.0 1.0 1.0
0.40000000596 0.40000000596 0.40000000596
9
1.0
-0.0542537383735
-0.0418645553291
-0.123491920531
-0.0208022594452
-0.0530002117157
0.0211809482425
-0.0954830646515
-0.0839608535171
4
0.0
1.0
0.0
0.0
1.0
0
