11
MFace 0.9019608497619629 0.847058892250061 0.22745099663734436 0.9803921580314636 0.9450980424880981 1.0
02_MTorso12_01 0.1882352977991104 0.1882352977991104 0.21568627655506134 0.019607843831181526 0.32549020648002625 0.4431372582912445
01_MLHand01_01 0.843137264251709 0.09803921729326248 0.09019608050584793 1.0 1.0 1.0
01_MRHand01_01 0.843137264251709 0.09803921729326248 0.09019608050584793 1.0 1.0 1.0
03_MLFoot04_01 0.886274516582489 0.9764705896377563 1.0 0.0941176488995552 0.0941176488995552 0.10588235408067703
03_MRFoot04_01 0.886274516582489 0.9764705896377563 1.0 0.0941176488995552 0.0941176488995552 0.10588235408067703
02_MHair01_01 0.9372549057006836 0.9176470637321472 0.8941176533699036 0.7843137383460999 0.7333333492279053 0.06666667014360428
02_MLegs01_01 0.1764705926179886 0.1764705926179886 0.20392157137393951 0.11372549086809158 0.11764705926179886 0.12941177189350128
MAccPlayerBook 1.0 1.0 1.0 1.0 1.0 1.0
MAccKI 1.0 1.0 1.0 1.0 1.0 1.0
01_MFaceHair04_01 0.9372549057006836 0.9176470637321472 0.8941176533699036 1.0 1.0 1.0
0.30000001192092896 0.5 0.4000000059604645
9
-1.0
-1.0
-1.0
-1.0
-1.0
-1.0
1.0
1.0
-1.0
4
0.0
0.0
0.0
1.0
1.0
0
