12
FFace 0.9960784912109375 0.9960784912109375 0.988235354423523 0.45490196347236633 0.8470588326454163 1.0
03_FLFoot04_01 0.0784313753247261 0.0784313753247261 0.09019608050584793 0.5921568870544434 0.3450980484485626 0.3333333432674408
03_FRFoot04_01 0.0784313753247261 0.0784313753247261 0.09019608050584793 0.5921568870544434 0.3450980484485626 0.3333333432674408
01_FLHand01_01 0.10196079313755035 0.10196079313755035 0.11764706671237946 0.800000011920929 0.08627451211214066 0.04313725605607033
01_FRHand01_01 0.10196079313755035 0.10196079313755035 0.11764706671237946 0.800000011920929 0.08627451211214066 0.04313725605607033
02_FHair04 0.8352941870689392 0.9411765336990356 0.7843137979507446 0.9411765336990356 1.0 0.9960784912109375
03_FTorso01_01 0.4431372880935669 0.46666669845581055 0.46274513006210327 1.0 1.0 1.0
01_FLegs01_01 0.13333334028720856 0.125490203499794 0.1411764770746231 0.06666667014360428 0.41568630933761597 0.08235294371843338
02_FHair04_Wisp 0.8352941870689392 0.9411765336990356 0.7843137979507446 0.9411765336990356 1.0 0.9960784912109375
02_FAcc_ANoEarring01 1.0 1.0 1.0 1.0 1.0 1.0
FAccPlayerBook 1.0 1.0 1.0 1.0 1.0 1.0
FAccKI 1.0 1.0 1.0 1.0 1.0 1.0
0.9215686917304993 0.7254902124404907 0.501960813999176
9
-1.0
1.0
-1.0
-1.0
1.0
1.0
-1.0
1.0
1.0
4
0.0
1.0
0.0
0.0
1.0
1
