11
FFace 0.8627451658248901 0.3333333432674408 0.12156863510608673 1.0 1.0 1.0
02_FTorso12_01 0.43137258291244507 0.5098039507865906 0.4078431725502014 1.0 1.0 1.0
01_FLHand01_01 0.09803922474384308 0.10196079313755035 0.1098039299249649 1.0 1.0 1.0
01_FRHand01_01 0.09803922474384308 0.10196079313755035 0.1098039299249649 1.0 1.0 1.0
03_FLFoot04_01 0.0941176563501358 0.0941176563501358 0.1098039299249649 1.0 1.0 1.0
03_FRFoot04_01 0.0941176563501358 0.0941176563501358 0.1098039299249649 1.0 1.0 1.0
02_FHair07 0.9450981020927429 0.9254902601242065 0.8862745761871338 1.0 1.0 1.0
02_FLegs01_02 0.4784314036369324 0.572549045085907 0.4274510145187378 0.0 0.0 0.0
FAccPlayerBook 1.0 1.0 1.0 1.0 1.0 1.0
FAccKI 1.0 1.0 1.0 1.0 1.0 1.0
02_FHair07_Wisp 0.9450981020927429 0.9254902601242065 0.8862745761871338 1.0 1.0 1.0
1.0 1.0 1.0
9
-0.49803924560546875
1.0
1.0
-1.0
-1.0
1.0
1.0
1.0
-1.0
4
0.0
0.0
0.0
1.0
1.0
1
