9
MFace 0.9764706492424011 0.9450981020927429 1.0 0.9803921580314636 0.9450980424880981 1.0
02_MTorso12_01 0.5686274766921997 0.007843137718737125 0.0 0.019607843831181526 0.32549020648002625 0.4431372582912445
01_MLHand01_01 0.843137264251709 0.09803921729326248 0.09019608050584793 1.0 1.0 1.0
01_MRHand01_01 0.843137264251709 0.09803921729326248 0.09019608050584793 1.0 1.0 1.0
03_MLFoot04_01 0.886274516582489 0.9764705896377563 1.0 0.0941176488995552 0.0941176488995552 0.10588235408067703
03_MRFoot04_01 0.886274516582489 0.9764705896377563 1.0 0.0941176488995552 0.0941176488995552 0.10588235408067703
02_MHair01_01 0.9372549057006836 0.9176470637321472 0.8941176533699036 0.2823529541492462 0.21568629145622253 0.9843137860298157
02_MLegs01_01 0.7215686440467834 0.02352941408753395 0.003921568859368563 0.5411764979362488 0.011764707043766975 0.0
01_MFaceHair05_01 0.9372549057006836 0.9176470637321472 0.8941176533699036 1.0 1.0 1.0
0.5 0.0 0.0
9
-1.0
1.0
1.0
1.0
-1.0
-1.0
-1.0
-1.0
1.0
4
0.0
0.0
0.0
1.0
1.0
0
