10
MFace 0.988235354423523 0.9960784912109375 1.0 0.9803921580314636 0.9450980424880981 1.0
02_MTorso12_01 0.16078431904315948 0.1098039299249649 0.9333333969116211 0.019607843831181526 0.32549020648002625 0.4431372582912445
01_MLHand01_01 0.843137264251709 0.09803921729326248 0.09019608050584793 1.0 1.0 1.0
01_MRHand01_01 0.843137264251709 0.09803921729326248 0.09019608050584793 1.0 1.0 1.0
03_MLFoot04_01 0.886274516582489 0.9764705896377563 1.0 0.0941176488995552 0.0941176488995552 0.10588235408067703
03_MRFoot04_01 0.886274516582489 0.9764705896377563 1.0 0.0941176488995552 0.0941176488995552 0.10588235408067703
02_MLegs01_02 0.01568627543747425 0.011764707043766975 0.6509804129600525 0.11372549086809158 0.11764705926179886 0.12941177189350128
01_MHair01_03 0.9372549057006836 0.9176470637321472 0.8941176533699036 0.2823529541492462 0.21568629145622253 0.9843137860298157
MAccPlayerBook 1.0 1.0 1.0 1.0 1.0 1.0
MAccKI 1.0 1.0 1.0 1.0 1.0 1.0
0.20000000298023224 0.30000001192092896 1.0
9
-1.0
1.0
1.0
-1.0
1.0
1.0
1.0
1.0
1.0
4
0.0
1.0
0.0
0.0
1.0
0
