9
FFace 1.0 0.996078431606 0.976470589638 0.929411768913 0.96862745285 0.909803926945
01_FLHand01_01 0.952941179276 0.952941179276 1.0 0.800000011921 0.0862745121121 0.0431372560561
01_FRHand01_01 0.101960785687 0.101960785687 0.117647059262 0.800000011921 0.0862745121121 0.0431372560561
03_FLFoot04_01 0.0784313753247 0.0784313753247 0.0901960805058 0.592156887054 0.345098048449 0.333333343267
03_FRFoot04_01 0.0784313753247 0.0784313753247 0.0901960805058 0.592156887054 0.345098048449 0.333333343267
02_FHair11 0.980392158031 0.972549021244 0.937254905701 0.941176474094 1.0 0.996078431606
02_FLegs03_02 0.0823529437184 0.0784313753247 0.0941176488996 0.0666666701436 0.415686279535 0.0823529437184
FTorso_Sweatshirt_Mantis 0.0784313753247 0.0784313753247 0.0901960805058 1.0 1.0 1.0
02_FHair11_Wisp 0.980392158031 0.972549021244 0.937254905701 0.941176474094 1.0 0.996078431606
0.0 0.0 0.0
9
1.0
1.0
-1.0
-1.0
1.0
-1.0
-1.0
1.0
1.0
4
0.0
0.349019616842
0.454901963472
0.0
1.0
1
