11
MFace 0.7019608020782471 0.7450980544090271 0.05098039656877518 1.0 1.0 1.0
02_MTorso12_01 0.2980392277240753 0.3176470696926117 0.41568630933761597 0.019607843831181526 0.32549020648002625 0.4431372582912445
01_MLHand01_01 0.843137264251709 0.09803921729326248 0.09019608050584793 1.0 1.0 1.0
01_MRHand01_01 0.843137264251709 0.09803921729326248 0.09019608050584793 1.0 1.0 1.0
03_MLFoot04_01 0.886274516582489 0.9764705896377563 1.0 0.0941176488995552 0.0941176488995552 0.10588235408067703
03_MRFoot04_01 0.886274516582489 0.9764705896377563 1.0 0.0941176488995552 0.0941176488995552 0.10588235408067703
02_MLegs01_01 0.27843138575553894 0.30588236451148987 0.46274513006210327 0.8823530077934265 0.9058824181556702 1.0
02_MHair02 0.09019608050584793 0.2980392277240753 0.09019608050584793 0.7843137383460999 0.7333333492279053 0.06666667014360428
01_MFaceHair04_01 0.09019608050584793 0.2980392277240753 0.09019608050584793 1.0 1.0 1.0
MAccPlayerBook 1.0 1.0 1.0 1.0 1.0 1.0
MAccKI 1.0 1.0 1.0 1.0 1.0 1.0
0.9450981020927429 0.9215686917304993 0.8235294818878174
9
-1.0
1.0
1.0
-1.0
1.0
0.05389404296875
1.0
0.011141459457576275
1.0
4
0.0
0.0
1.0
0.0
1.0
0
