12
FFace 0.886274576187 0.156862750649 0.152941182256 0.454901963472 0.847058832645 1.0
01_FLHand01_01 0.101960793138 0.101960793138 0.117647066712 0.800000011921 0.0862745121121 0.0431372560561
01_FRHand01_01 0.101960793138 0.101960793138 0.117647066712 0.800000011921 0.0862745121121 0.0431372560561
03_FLFoot04_01 0.0784313753247 0.0784313753247 0.0901960805058 0.592156887054 0.345098048449 0.333333343267
03_FRFoot04_01 0.0784313753247 0.0784313753247 0.0901960805058 0.592156887054 0.345098048449 0.333333343267
02_FTorso12_01 0.1254902035 0.47058826685 0.0588235333562 1.0 1.0 1.0
02_FHair08 0.113725498319 0.490196108818 0.0862745121121 0.345098048449 0.666666686535 0.176470592618
02_FLegs03_01 0.074509806931 0.384313762188 0.0627451017499 0.0666666701436 0.415686309338 0.0823529437184
02_FAcc_ANoEarring01 1.0 1.0 1.0 1.0 1.0 1.0
02_FHair08_Wisp 0.113725498319 0.490196108818 0.0862745121121 0.345098048449 0.666666686535 0.176470592618
FAccPlayerBook 1.0 1.0 1.0 1.0 1.0 1.0
FAccKI 1.0 1.0 1.0 1.0 1.0 1.0
0.0 10.0 0.0
9
1.0
1.0
-1.0
1.0
-1.0
1.0
-1.0
-1.0
-1.0
4
0.0
0.0
0.0
0.0
1.0
1
