11
FFace 0.917647123336792 0.8862745761871338 0.2705882489681244 1.0 1.0 1.0
03_FLFoot04_01 0.11764706671237946 0.3019607961177826 0.07450980693101883 1.0 1.0 1.0
03_FRFoot04_01 0.11764706671237946 0.3019607961177826 0.07450980693101883 1.0 1.0 1.0
Icon_FHair_Curly1 0.05882353335618973 0.3294117748737335 0.18039216101169586 1.0 1.0 1.0
02_FLegs01_02 0.1725490242242813 0.16078431904315948 0.1764705926179886 0.0 0.0 0.0
01_FLHand01_02 0.364705890417099 0.6627451181411743 0.4117647409439087 0.11764706671237946 0.3529411852359772 0.05882353335618973
01_FRHand01_02 0.364705890417099 0.6627451181411743 0.4117647409439087 0.11764706671237946 0.3529411852359772 0.05882353335618973
03_FTorso15_01 0.34117648005485535 0.3176470696926117 0.3490196168422699 1.0 1.0 1.0
FAcc_FHair_Curly1 0.05882353335618973 0.3294117748737335 0.18039216101169586 1.0 1.0 1.0
FAccPlayerBook 1.0 1.0 1.0 1.0 1.0 1.0
FAccKI 1.0 1.0 1.0 1.0 1.0 1.0
0.9450981020927429 0.9294118285179138 0.8392157554626465
9
-0.49803924560546875
-1.0
-1.0
-1.0
1.0
0.027451038360595703
-1.0
-1.0
-0.15294116735458374
4
0.0
0.0
0.0
1.0
1.0
1
