13
FFace 0.666666686535 0.00784313771874 0.0 0.800000071526 0.160784319043 0.0431372560561
01_FLHand01_01 0.101960793138 0.101960793138 0.117647066712 0.800000011921 0.0862745121121 0.0431372560561
01_FRHand01_01 0.101960793138 0.101960793138 0.117647066712 0.800000011921 0.0862745121121 0.0431372560561
03_FLFoot04_01 0.0784313753247 0.0784313753247 0.0901960805058 0.592156887054 0.345098048449 0.333333343267
03_FRFoot04_01 0.0784313753247 0.0784313753247 0.0901960805058 0.592156887054 0.345098048449 0.333333343267
Icon_FHair_Curly1 0.803921639919 0.074509806931 0.0549019649625 0.941176533699 1.0 0.996078491211
02_FTorso12_01 0.843137323856 0.196078449488 0.0901960805058 1.0 1.0 1.0
02_FLegs03_01 0.843137323856 0.196078449488 0.0901960805058 0.0666666701436 0.415686309338 0.0823529437184
02_FAcc_ANoEarring01 1.0 1.0 1.0 1.0 1.0 1.0
FAcc_FHair_Curly1 0.803921639919 0.074509806931 0.0549019649625 0.941176533699 1.0 0.996078491211
FAccPlayerBook 1.0 1.0 1.0 1.0 1.0 1.0
FAccKI 1.0 1.0 1.0 1.0 1.0 1.0
FReward_Goggles 0.800000071526 0.160784319043 0.0431372560561 1.0 1.0 1.0
0.5 0.0 0.0
9
1.0
1.0
1.0
1.0
-1.0
-1.0
-1.0
0.26703953743
1.0
4
0.0
0.35240149498
0.458287328482
0.0
1.0
1
