10
FFace 0.600000023842 0.00392156885937 0.0 0.929411768913 0.96862745285 0.909803926945
01_FLHand01_01 0.952941179276 0.952941179276 1.0 0.800000011921 0.0862745121121 0.0431372560561
01_FRHand01_01 0.101960785687 0.101960785687 0.117647059262 0.800000011921 0.0862745121121 0.0431372560561
03_FLFoot04_01 0.0784313753247 0.0784313753247 0.0901960805058 0.592156887054 0.345098048449 0.333333343267
03_FRFoot04_01 0.0784313753247 0.0784313753247 0.0901960805058 0.592156887054 0.345098048449 0.333333343267
02_FHair12 0.0 0.0470588244498 0.635294139385 0.941176474094 1.0 0.996078431606
03_FTorso15_01 0.0588235296309 0.0901960805058 0.890196084976 0.333333343267 0.349019616842 0.35686275363
02_FLegs03_01 0.0 0.129411771894 0.803921580315 0.0666666701436 0.415686279535 0.0823529437184
FAccPlayerBook 1.0 1.0 1.0 1.0 1.0 1.0
FAccKI 1.0 1.0 1.0 1.0 1.0 1.0
0.0980392172933 0.298039227724 1.0
9
1.0
-1.0
-1.0
1.0
1.0
-1.0
-1.0
1.0
1.0
4
0.0
0.0
0.0
1.0
1.0
1
