11
MFace 0.9725490808486938 0.9921569228172302 0.9764706492424011 1.0 1.0 1.0
02_MTorso12_01 0.12941177189350128 0.501960813999176 0.08235294371843338 0.019607843831181526 0.32549020648002625 0.4431372582912445
01_MLHand01_01 0.843137264251709 0.09803921729326248 0.09019608050584793 1.0 1.0 1.0
01_MRHand01_01 0.843137264251709 0.09803921729326248 0.09019608050584793 1.0 1.0 1.0
03_MLFoot04_01 0.886274516582489 0.9764705896377563 1.0 0.0941176488995552 0.0941176488995552 0.10588235408067703
03_MRFoot04_01 0.886274516582489 0.9764705896377563 1.0 0.0941176488995552 0.0941176488995552 0.10588235408067703
02_MHair01_02 0.18431372940540314 0.1725490242242813 0.1725490242242813 0.7843137383460999 0.7333333492279053 0.06666667014360428
02_MLegs01_01 0.29019609093666077 0.6196078658103943 0.125490203499794 0.1725490242242813 0.529411792755127 0.08627451211214066
01_MFaceHair05_01 0.18431372940540314 0.1725490242242813 0.1725490242242813 1.0 1.0 1.0
MAccPlayerBook 1.0 1.0 1.0 1.0 1.0 1.0
MAccKI 1.0 1.0 1.0 1.0 1.0 1.0
0.20000000298023224 1.0 0.20000000298023224
9
-0.41546282172203064
-1.0
1.0
-1.0
-1.0
-1.0
0.7149245142936707
-0.0315093994140625
1.0
4
0.0
1.0
0.0
0.0
1.0
0
