11
MFace 0.917647123336792 0.960784375667572 0.40392160415649414 1.0 1.0 1.0
01_MLHand01_01 0.843137264251709 0.09803921729326248 0.09019608050584793 1.0 1.0 1.0
01_MRHand01_01 0.843137264251709 0.09803921729326248 0.09019608050584793 1.0 1.0 1.0
03_MLFoot04_01 0.886274516582489 0.9764705896377563 1.0 0.0941176488995552 0.0941176488995552 0.10588235408067703
03_MRFoot04_01 0.886274516582489 0.9764705896377563 1.0 0.0941176488995552 0.0941176488995552 0.10588235408067703
02_MHair01_01 0.9843137860298157 0.9647059440612793 0.988235354423523 0.7843137383460999 0.7333333492279053 0.06666667014360428
03_MTorso01_01 0.364705890417099 0.3803921937942505 0.40392160415649414 0.019607843831181526 0.32549020648002625 0.4431372582912445
01_MLegs02_01 0.08235294371843338 0.08235294371843338 0.0941176563501358 0.9372549653053284 0.9490196704864502 1.0
01_MFaceHair06_01 0.9843137860298157 0.9647059440612793 0.988235354423523 1.0 1.0 1.0
MAccPlayerBook 1.0 1.0 1.0 1.0 1.0 1.0
MAccKI 1.0 1.0 1.0 1.0 1.0 1.0
0.9450981020927429 0.9098039865493774 0.803921639919281
9
-1.0
1.0
-1.0
-1.0
-1.0
-1.0
1.0
-0.3803921341896057
1.0
4
0.0
0.0
0.0
0.0
1.0
0
