10
MFace 0.4000000059604645 0.5607843399047852 0.3607843220233917 1.0 1.0 1.0
03_MHAccStrawHat_01 0.2862745225429535 0.19607843458652496 0.16078431904315948 0.0784313753247261 0.3843137323856354 0.05882352963089943
03_MLegs02_02 0.0 0.3450980484485626 0.5764706134796143 0.0 0.0 0.0
01_MRHandGlove01_01 0.1725490242242813 0.16078431904315948 0.1568627506494522 1.0 1.0 1.0
01_MLHandGlove01_01 0.1725490242242813 0.16078431904315948 0.1568627506494522 1.0 1.0 1.0
01_MLFoot01_01 0.4156862795352936 0.20000000298023224 0.027450980618596077 0.10196078568696976 0.30980393290519714 0.07450980693101883
01_MRFoot01_01 0.4156862795352936 0.20000000298023224 0.027450980618596077 0.10196078568696976 0.30980393290519714 0.07450980693101883
02_MTorso02_01 0.003921568859368563 0.4901960790157318 0.30980393290519714 0.8235294222831726 0.40784314274787903 0.11372549086809158
MAccKI 1.0 1.0 1.0 1.0 1.0 1.0
MAccPlayerBook 1.0 1.0 1.0 1.0 1.0 1.0
0.9215686321258545 0.7490196228027344 0.5764706134796143
9
-0.27843135595321655
-0.34117645025253296
-0.4431372284889221
-0.7019608020782471
-0.7960784435272217
-0.1294117569923401
-0.30980390310287476
-0.6549019813537598
-0.4431372284889221
4
0.0
0.1764705926179886
0.21568627655506134
0.364705890417099
0.529411792755127
0
