11
FFace 0.23137255012989044 0.239215686917305 0.2666666805744171 1.0 1.0 1.0
FReward_PattysHat 0.7490196228027344 0.4745098054409027 0.0470588244497776 0.25882354378700256 0.07058823853731155 0.9137254953384399
01_FLHand01_02 0.12156862765550613 0.529411792755127 0.12156862765550613 0.6039215922355652 0.32156863808631897 0.3176470696926117
01_FRHand01_02 0.12156862765550613 0.529411792755127 0.12156862765550613 0.6039215922355652 0.32156863808631897 0.3176470696926117
02_FLegs03_01 0.10588235408067703 0.4117647111415863 0.05098039284348488 0.07058823853731155 0.07058823853731155 0.08235294371843338
02_FLFoot01_01 0.08235294371843338 0.4000000059604645 0.05882352963089943 0.529411792755127 0.34117648005485535 0.33725491166114807
02_FRFoot01_01 0.08235294371843338 0.4000000059604645 0.05882352963089943 0.529411792755127 0.34117648005485535 0.33725491166114807
03_FTorso15_01 0.27843138575553894 0.6470588445663452 0.1882352977991104 0.6549019813537598 0.8705882430076599 0.47843137383461
FAccKI 1.0 1.0 1.0 1.0 1.0 1.0
FAccPlayerBook 1.0 1.0 1.0 1.0 1.0 1.0
02_FAcc_Choker02 1.0 1.0 1.0 1.0 1.0 1.0
0.7764706015586853 0.5490196347236633 0.41960784792900085
9
0
0
0
0
0
0
0
0
0
4
0.0
0.1764705926179886
0.21568627655506134
0.364705890417099
0.529411792755127
1
