10
MFace 0.4000000059604645 0.5607843399047852 0.3607843220233917 1.0 1.0 1.0
03_MLegs02_02 0.0 0.3450980484485626 0.5764706134796143 0.0 0.0 0.0
01_MRHandGlove01_01 0.1725490242242813 0.16078431904315948 0.1568627506494522 1.0 1.0 1.0
01_MLHandGlove01_01 0.1725490242242813 0.16078431904315948 0.1568627506494522 1.0 1.0 1.0
01_MRFoot01_01 0.4156862795352936 0.20000000298023224 0.027450980618596077 0.10196078568696976 0.30980393290519714 0.07450980693101883
01_MLFoot01_01 0.4156862795352936 0.20000000298023224 0.027450980618596077 0.10196078568696976 0.30980393290519714 0.07450980693101883
02_MTorso02_01 0.003921568859368563 0.4901960790157318 0.30980393290519714 0.8235294222831726 0.40784314274787903 0.11372549086809158
MReward_PattysHat 0.2862745225429535 0.19607843458652496 0.16078431904315948 0.0784313753247261 0.3843137323856354 0.05882352963089943
MAccPlayerBook 1.0 1.0 1.0 1.0 1.0 1.0
MAccKI 1.0 1.0 1.0 1.0 1.0 1.0
0.9215686321258545 0.7490196228027344 0.5764706134796143
9
-0.2862744927406311
-0.3490195870399475
-0.45098036527633667
-1.0
-1.0
-0.13725489377975464
-0.3176470398902893
-1.0
-0.45098036527633667
4
0.0
0.1764705926179886
0.21568627655506134
0.364705890417099
0.529411792755127
0
