11
FFace 0.47058823704719543 0.239215686917305 0.007843137718737125 1.0 1.0 1.0
01_FLHand01_01 0.6039215922355652 0.3176470696926117 0.3176470696926117 0.800000011920929 0.08627451211214066 0.04313725605607033
01_FRHand01_01 0.6039215922355652 0.3176470696926117 0.3176470696926117 0.800000011920929 0.08627451211214066 0.04313725605607033
Icon_FHair_Swept1 0.8392156958580017 0.35686275362968445 0.125490203499794 0.07450980693101883 0.07450980693101883 0.08627451211214066
01_FLegs02_01 0.7333333492279053 0.27843138575553894 0.0117647061124444 0.6235294342041016 0.3137255012989044 0.3137255012989044
01_FLFoot01_01 0.0784313753247261 0.0784313753247261 0.09019608050584793 0.8039215803146362 0.250980406999588 0.054901961237192154
01_FRFoot01_01 0.0784313753247261 0.0784313753247261 0.09019608050584793 0.8039215803146362 0.250980406999588 0.054901961237192154
03_FTorso06_01 0.07450980693101883 0.07450980693101883 0.08627451211214066 0.7921568751335144 0.34117648005485535 0.054901961237192154
FAcc_FHair_Swept1 0.8392156958580017 0.35686275362968445 0.125490203499794 0.07450980693101883 0.07450980693101883 0.08627451211214066
FAccPlayerBook 1.0 1.0 1.0 1.0 1.0 1.0
FAccKI 1.0 1.0 1.0 1.0 1.0 1.0
0.9215686321258545 0.729411780834198 0.501960813999176
9
0
0
0
0
0
0
0
0
0
4
0.0
0.1764705926179886
0.21568627655506134
0.364705890417099
0.529411792755127
1
