10
MFace 0.4156862795352936 0.5490196347236633 1.0 0.9921568632125854 0.9882352948188782 1.0
01_MLHand01_01 0.13725490868091583 0.13333334028720856 0.15294118225574493 1.0 1.0 1.0
01_MRHand01_01 0.13725490868091583 0.13333334028720856 0.15294118225574493 1.0 1.0 1.0
01_MHair01_01 0.6980392336845398 0.4000000059604645 0.16862745583057404 0.21176470816135406 0.21568627655506134 0.2078431397676468
01_MRFoot01_01 0.0784313753247261 0.0784313753247261 0.09019608050584793 0.0784313753247261 0.0784313753247261 0.09019608050584793
01_MLFoot01_01 0.0784313753247261 0.0784313753247261 0.09019608050584793 0.0784313753247261 0.0784313753247261 0.09019608050584793
01_MLegs02_01 0.25882354378700256 0.32156863808631897 0.6235294342041016 0.0784313753247261 0.0784313753247261 0.09019608050584793
03_MTorso01_01 0.3764705955982208 0.3921568691730499 0.40392157435417175 0.125490203499794 0.12941177189350128 0.1411764770746231
MAccKI 1.0 1.0 1.0 1.0 1.0 1.0
MAccPlayerBook 1.0 1.0 1.0 1.0 1.0 1.0
0.8980392217636108 0.6745098233222961 0.501960813999176
9
-0.27843135595321655
-0.34117645025253296
-0.4431372284889221
-0.7098039388656616
-0.8039215803146362
-0.1294117569923401
-0.30980390310287476
-0.6627451181411743
-0.4431372284889221
4
0.0
0.1764705926179886
0.21568627655506134
0.364705890417099
0.529411792755127
0
