11
FFace 0.47058823704719543 0.239215686917305 0.007843137718737125 1.0 1.0 1.0
Icon_FHair_Swept1 0.9725490212440491 0.5490196347236633 0.4313725531101227 0.8941176533699036 0.686274528503418 0.42352941632270813
01_FLHand01_01 0.41960784792900085 0.03529411926865578 0.027450980618596077 0.800000011920929 0.08627451211214066 0.04313725605607033
01_FRHand01_01 0.41960784792900085 0.03529411926865578 0.027450980618596077 0.800000011920929 0.08627451211214066 0.04313725605607033
02_FTorso11_01 0.41960784792900085 0.03529411926865578 0.027450980618596077 0.42352941632270813 0.03529411926865578 0.0235294122248888
02_FLFoot01_01 0.4431372582912445 0.027450980618596077 0.019607843831181526 0.4313725531101227 0.0313725508749485 0.0235294122248888
02_FRFoot01_01 0.4431372582912445 0.027450980618596077 0.019607843831181526 0.4313725531101227 0.0313725508749485 0.0235294122248888
02_FLegs03_01 0.9333333373069763 0.6745098233222961 0.4117647111415863 0.4000000059604645 0.48235294222831726 0.5764706134796143
FAcc_FHair_Swept1 0.9725490212440491 0.5490196347236633 0.4313725531101227 0.8941176533699036 0.686274528503418 0.42352941632270813
FAccKI 1.0 1.0 1.0 1.0 1.0 1.0
FAccPlayerBook 1.0 1.0 1.0 1.0 1.0 1.0
0.9215686321258545 0.729411780834198 0.501960813999176
9
0
0
0
0
0
0
0
0
0
4
0.0
0.1764705926179886
0.21568627655506134
0.364705890417099
0.529411792755127
1
