10
MFace 0.40000000596 0.560784339905 0.360784322023 1.0 1.0 1.0
01_MLegs01_01 0.737254917622 0.592156887054 0.0274509806186 0.0 0.0 0.0
01_MLFoot01_01 0.415686279535 0.20000000298 0.0274509806186 0.0941176488996 0.0941176488996 0.105882354081
01_MRFoot01_01 0.415686279535 0.20000000298 0.0274509806186 0.0941176488996 0.0941176488996 0.105882354081
02_MTorso02_01 0.823529422283 0.407843142748 0.113725490868 0.823529422283 0.407843142748 0.113725490868
03_MHAccStrawHat_01 0.286274522543 0.196078434587 0.160784319043 0.992156863213 0.992156863213 0.701960802078
01_MLHandGlove01_01 0.760784327984 0.525490224361 0.0509803928435 1.0 1.0 1.0
01_MRHandGlove01_01 0.760784327984 0.525490224361 0.0509803928435 1.0 1.0 1.0
MAccKI 1.0 1.0 1.0 1.0 1.0 1.0
MAccPlayerBook 1.0 1.0 1.0 1.0 1.0 1.0
1.0 0.835294127464 0.709803938866
9
-0.278431355953
-0.341176450253
-0.443137228489
-0.584313750267
-0.678431391716
-0.129411756992
-0.309803903103
-0.537254929543
-0.443137228489
4
0.0
0.176470592618
0.215686276555
0.364705890417
0.529411792755
0
