10
MFace 0.6470588445663452 0.5137255191802979 0.45098042488098145 1.0 1.0 1.0
01_MLegs02_01 0.5137255191802979 0.545098066329956 0.545098066329956 1.0 1.0 1.0
03_MTorso10_01 0.9647059440612793 1.0 0.9960784912109375 0.9764706492424011 0.9764706492424011 1.0
01_MLHand01_01 0.2039215862751007 0.21176472306251526 0.2196078598499298 1.0 1.0 1.0
01_MRHand01_01 0.2039215862751007 0.21176472306251526 0.2196078598499298 1.0 1.0 1.0
03_LFoot_Van 0.7450980544090271 0.6039215922355652 0.4784314036369324 1.0 1.0 1.0
03_RFoot_Van 0.7450980544090271 0.6039215922355652 0.4784314036369324 1.0 1.0 1.0
01_MHair01_04 0.34117648005485535 0.14509804546833038 0.15294118225574493 0.07450980693101883 0.07450980693101883 0.08627451211214066
MAccPlayerBook 1.0 1.0 1.0 1.0 1.0 1.0
MAccKI 1.0 1.0 1.0 1.0 1.0 1.0
0.9372549653053284 0.7725490927696228 0.5960784554481506
9
0.08001881837844849
1.0
0.43492186069488525
-0.003921568393707275
-0.003921568393707275
-0.003921568393707275
0.5516170263290405
-0.003921568393707275
-0.42102134227752686
4
0.0
0.0
0.8528549075126648
0.14714503288269043
0.40784314274787903
0
