10
MFace 0.6470588445663452 0.5137255191802979 0.45098042488098145 1.0 1.0 1.0
01_MLHand01_01 0.2039215862751007 0.21176472306251526 0.2196078598499298 1.0 1.0 1.0
01_MRHand01_01 0.2039215862751007 0.21176472306251526 0.2196078598499298 1.0 1.0 1.0
03_LFoot_Van 0.5372549295425415 0.5764706134796143 0.572549045085907 1.0 1.0 1.0
03_RFoot_Van 0.5372549295425415 0.5764706134796143 0.572549045085907 1.0 1.0 1.0
03_MTorso14_01 0.5490196347236633 0.5882353186607361 0.5960784554481506 0.9764706492424011 0.9764706492424011 1.0
02_MLegs01_01 0.08627451211214066 0.08235294371843338 0.09803922474384308 1.0 1.0 1.0
03_MHAccStrawHat_01 0.34117648005485535 0.14509804546833038 0.15294118225574493 0.10196079313755035 0.09803922474384308 0.1098039299249649
MAccPlayerBook 1.0 1.0 1.0 1.0 1.0 1.0
MAccKI 1.0 1.0 1.0 1.0 1.0 1.0
0.9372549653053284 0.7725490927696228 0.5960784554481506
9
0.08001884073019028
1.0
0.43492186069488525
-0.003921568393707275
-0.003921568393707275
-0.003921568393707275
0.5516170263290405
-0.003921568393707275
-0.42102134227752686
4
0.0
0.0
0.8528549075126648
0.14714503288269043
0.40784314274787903
0
