10
MFace 0.5607843399047852 0.4117647409439087 0.38823533058166504 0.40784314274787903 0.686274528503418 1.0
01_MLHand01_01 0.9960784316062927 0.8823529481887817 0.49803921580314636 1.0 1.0 1.0
01_MRHand01_01 0.9960784316062927 0.8823529481887817 0.49803921580314636 1.0 1.0 1.0
03_MHardHat 0.5137255191802979 0.2666666805744171 0.13333334028720856 0.10196079313755035 0.10588236153125763 0.11372549831867218
03_MLegs02_03 0.988235354423523 0.9921569228172302 0.5843137502670288 0.08627451211214066 0.08627451211214066 0.10196078568696976
03_MLFoot02_01 0.07450980693101883 0.07450980693101883 0.08627451211214066 0.988235354423523 0.9843137860298157 0.5411764979362488
03_MRFoot02_01 0.07450980693101883 0.07450980693101883 0.08627451211214066 0.988235354423523 0.9843137860298157 0.5411764979362488
02_MTorso06_01 0.08235294371843338 0.08235294371843338 0.0941176563501358 0.9764706492424011 0.9529412388801575 0.4235294461250305
MAccPlayerBook 1.0 1.0 1.0 1.0 1.0 1.0
MAccKI 1.0 1.0 1.0 1.0 1.0 1.0
0.9372549653053284 0.803921639919281 0.6431372761726379
9
0.11811796575784683
-0.5686274766921997
-0.06666666269302368
-0.3960784077644348
-0.15294116735458374
-0.5764706134796143
0.15294122695922852
0.686274528503418
-0.09019607305526733
4
0.0
0.8934227824211121
0.10657723993062973
0.0
0.25797131657600403
0
