11
FFace 0.45098042488098145 0.18039216101169586 0.01568627543747425 0.09803921729326248 0.09803921729326248 0.11372549086809158
01_FLHand01_01 0.45098042488098145 0.0470588281750679 0.8784314393997192 0.11372549086809158 0.10980392247438431 0.12156862765550613
01_FRHand01_01 0.45098042488098145 0.0470588281750679 0.8784314393997192 0.11372549086809158 0.10980392247438431 0.12156862765550613
03_FTorso01_01 0.9803922176361084 0.501960813999176 0.9960784912109375 0.7450980544090271 0.12156863510608673 0.917647123336792
01_FLegs02_01 0.9921569228172302 1.0 1.0 0.09019608050584793 0.4431372582912445 0.06666667014360428
Icon_FHair_Beret 0.7803922295570374 0.5529412031173706 0.45098042488098145 0.5137255191802979 0.7568627595901489 0.2235294133424759
02_FLFoot03_01 0.37254902720451355 0.6549019813537598 0.125490203499794 0.6117647290229797 0.2352941334247589 0.9843137860298157
02_FRFoot03_01 0.37254902720451355 0.6549019813537598 0.125490203499794 0.6117647290229797 0.2352941334247589 0.9843137860298157
FAcc_FHair_Beret 0.7803922295570374 0.5529412031173706 0.45098042488098145 0.5137255191802979 0.7568627595901489 0.2235294133424759
FAccPlayerBook 1.0 1.0 1.0 1.0 1.0 1.0
FAccKI 1.0 1.0 1.0 1.0 1.0 1.0
0.8470588326454163 0.6627451181411743 0.5137255191802979
9
-0.34901952743530273
0.5747804641723633
0.3333333730697632
-0.014580607414245605
0.37254905700683594
-0.4818495512008667
0.30980396270751953
-0.32549017667770386
0.43487679958343506
4
0.0
0.0
0.4901960790157318
0.0
0.054901961237192154
1
