11
FFace 0.45098039507865906 0.18039216101169586 0.01568627543747425 0.09803921729326248 0.09803921729326248 0.11372549086809158
01_FLHand01_01 1.0 0.9607843160629272 0.9490196108818054 0.9960784316062927 0.9921568632125854 1.0
01_FRHand01_01 0.45098039507865906 0.0470588244497776 0.8784313797950745 0.11372549086809158 0.10980392247438431 0.12156862765550613
02_FLFoot03_01 0.9725490808486938 1.0 0.9921569228172302 0.9450981020927429 0.545098066329956 1.0
02_FRFoot03_01 0.9725490808486938 1.0 0.9921569228172302 0.9450981020927429 0.545098066329956 1.0
Icon_FHair_Swept1 0.7803921699523926 0.5529412031173706 0.45098039507865906 0.5137255191802979 0.7568627595901489 0.2235294133424759
02_FTorso05_02 0.9803921580314636 0.501960813999176 0.9960784316062927 0.7450980544090271 0.12156862765550613 0.9176470637321472
02_FLegs03_04 0.9764706492424011 0.5058823823928833 1.0 0.09019608050584793 0.4431372582912445 0.06666667014360428
FAccPlayerBook 1.0 1.0 1.0 1.0 1.0 1.0
FAccKI 1.0 1.0 1.0 1.0 1.0 1.0
FAcc_FHair_Swept1 0.7803921699523926 0.5529412031173706 0.45098039507865906 0.5137255191802979 0.7568627595901489 0.2235294133424759
0.8470588326454163 0.6627451181411743 0.5137255191802979
9
-0.34901952743530273
-0.2078431248664856
0.3333333730697632
-0.019607841968536377
0.843137264251709
-0.4823529124259949
0.30980396270751953
0.5607843399047852
0.7254902124404907
4
0.0
0.0
0.4901960790157318
0.0
0.054901961237192154
1
