11
FFace 0.45098039507865906 0.18039216101169586 0.01568627543747425 0.09803921729326248 0.09803921729326248 0.11372549086809158
01_FLHand01_01 0.9490196704864502 0.5411764979362488 1.0 0.11372549086809158 0.10980392247438431 0.12156862765550613
01_FRHand01_01 0.9490196704864502 0.5411764979362488 1.0 0.11372549086809158 0.10980392247438431 0.12156862765550613
Icon_FHair_Swept1 0.7803921699523926 0.5529412031173706 0.45098039507865906 0.5137255191802979 0.7568627595901489 0.2235294133424759
03_FTorso15_01 0.9803921580314636 0.501960813999176 0.9960784316062927 0.7450980544090271 0.12156862765550613 0.9176470637321472
02_FLegs01_01 0.988235354423523 0.9568628072738647 1.0 0.9098039865493774 0.3019607961177826 0.9803922176361084
02_FLFoot01_01 0.4862745404243469 0.4901961088180542 0.4705882668495178 0.9450981020927429 0.545098066329956 1.0
02_FRFoot01_01 0.4862745404243469 0.4901961088180542 0.4705882668495178 0.9450981020927429 0.545098066329956 1.0
FAcc_FHair_Swept1 0.7803921699523926 0.5529412031173706 0.45098039507865906 0.5137255191802979 0.7568627595901489 0.2235294133424759
FAccPlayerBook 1.0 1.0 1.0 1.0 1.0 1.0
FAccKI 1.0 1.0 1.0 1.0 1.0 1.0
0.8470588326454163 0.6627451181411743 0.5137255191802979
9
-0.34901952743530273
-0.2078431248664856
0.3333333730697632
-0.019607841968536377
0.843137264251709
-0.4823529124259949
0.30980396270751953
0.5607843399047852
0.7254902124404907
4
0.0
0.0
0.4901960790157318
0.0
0.054901961237192154
1
