12
FFace 0.45098042488098145 0.18039216101169586 0.01568627543747425 0.09803921729326248 0.09803921729326248 0.11372549086809158
01_FLHand01_01 0.7960785031318665 0.1725490242242813 0.9450981020927429 0.11372549086809158 0.10980392247438431 0.12156862765550613
01_FRHand01_01 0.7960785031318665 0.1725490242242813 0.9450981020927429 0.11372549086809158 0.10980392247438431 0.12156862765550613
01_FLegs02_01 0.7686275243759155 0.5490196347236633 0.41568630933761597 0.09019608050584793 0.4431372582912445 0.06666667014360428
FReward_DRCVest 0.8784314393997192 0.21568629145622253 0.9450981020927429 0.7450980544090271 0.12156863510608673 0.917647123336792
FReward_HardHat 0.7803922295570374 0.5529412031173706 0.45098042488098145 0.8705883026123047 0.18431372940540314 0.917647123336792
03_FLFoot02_01 0.8784314393997192 0.1882353127002716 0.8980392813682556 0.8980392813682556 0.22352942824363708 0.9019608497619629
03_FRFoot02_01 0.8784314393997192 0.1882353127002716 0.8980392813682556 0.8980392813682556 0.22352942824363708 0.9019608497619629
FAccPlayerBook 1.0 1.0 1.0 1.0 1.0 1.0
FAccKI 1.0 1.0 1.0 1.0 1.0 1.0
FReward_Goggles 1.0 1.0 1.0 1.0 1.0 1.0
02_FAcc_ANoEarring01 1.0 1.0 1.0 1.0 1.0 1.0
0.8470588326454163 0.6627451181411743 0.5137255191802979
9
-0.34901952743530273
0.5747804641723633
0.3333333730697632
-0.014580607414245605
0.37254905700683594
-0.4818495512008667
0.30980396270751953
-0.32549017667770386
0.43487679958343506
4
0.0
0.0
0.4901960790157318
0.0
0.054901961237192154
1
