10
MFace 0.6901960968971252 0.8941177129745483 0.7647059559822083 1.0 1.0 1.0
01_MLHand01_01 0.2039215862751007 0.21176472306251526 0.2196078598499298 1.0 1.0 1.0
01_MRHand01_01 0.2039215862751007 0.21176472306251526 0.2196078598499298 1.0 1.0 1.0
03_MTorso01_01 0.5568627715110779 0.686274528503418 1.0 0.19215688109397888 0.9411765336990356 0.9098039865493774
01_MLegs01_01 0.2705882489681244 0.2862745225429535 0.41960787773132324 0.9764706492424011 1.0 0.9960784912109375
03_MLFoot02_01 0.08235294371843338 0.08235294371843338 0.0941176563501358 0.2392157018184662 0.26274511218070984 0.5215686559677124
03_MRFoot02_01 0.08235294371843338 0.08235294371843338 0.0941176563501358 0.2392157018184662 0.26274511218070984 0.5215686559677124
03_AussieHat 0.458823561668396 0.41568630933761597 0.364705890417099 0.027450982481241226 0.062745101749897 0.8509804606437683
MAccPlayerBook 1.0 1.0 1.0 1.0 1.0 1.0
MAccKI 1.0 1.0 1.0 1.0 1.0 1.0
0.8627451658248901 0.6980392336845398 0.545098066329956
9
0.08001881837844849
1.0
0.006976604461669922
-0.36192262172698975
0.3960544466972351
0.07204264402389526
-0.2848254442214966
-0.40167152881622314
1.0
4
0.0
0.0
0.8528549075126648
0.14714503288269043
0.40784314274787903
0
