10
MFace 0.6901960968971252 0.8941177129745483 0.7647059559822083 1.0 1.0 1.0
01_MLHand01_01 0.2039215862751007 0.21176472306251526 0.2196078598499298 1.0 1.0 1.0
01_MRHand01_01 0.2039215862751007 0.21176472306251526 0.2196078598499298 1.0 1.0 1.0
01_MHair01_01 0.458823561668396 0.41568630933761597 0.364705890417099 0.027450982481241226 0.062745101749897 0.8509804606437683
02_MTorso02_01 0.5568627715110779 0.686274528503418 1.0 0.9686275124549866 0.9960784912109375 1.0
02_MLegs03_02 0.10196079313755035 0.34117648005485535 0.9490196704864502 0.9764706492424011 1.0 0.9960784912109375
02_MLFoot03_01 0.9803922176361084 0.9803922176361084 1.0 0.2549019753932953 0.24705883860588074 0.7137255072593689
02_MRFoot03_01 0.9803922176361084 0.9803922176361084 1.0 0.2549019753932953 0.24705883860588074 0.7137255072593689
MAccPlayerBook 1.0 1.0 1.0 1.0 1.0 1.0
MAccKI 1.0 1.0 1.0 1.0 1.0 1.0
0.8627451658248901 0.6980392336845398 0.545098066329956
9
0.08001881837844849
1.0
0.006976604461669922
-0.36192262172698975
0.3960544466972351
0.07204264402389526
-0.2848254442214966
-0.40167152881622314
1.0
4
0.0
0.0
0.8528549075126648
0.14714503288269043
0.40784314274787903
0
