8
MFace 0.6470588445663452 0.5137255191802979 0.45098042488098145 1.0 1.0 1.0
03_MRHand_Suit 1.0 1.0 1.0 1.0 1.0 1.0
03_MLHand_Suit 1.0 1.0 1.0 1.0 1.0 1.0
03_MLegs_Suit 1.0 1.0 1.0 1.0 1.0 1.0
03_MLFoot_Suit 1.0 1.0 1.0 1.0 1.0 1.0
03_MRFoot_Suit 1.0 1.0 1.0 1.0 1.0 1.0
03_MHardHat 0.34117648005485535 0.14509804546833038 0.15294118225574493 0.4901961088180542 0.5490196347236633 0.5843137502670288
03_MTorso01_02 1.0 1.0 1.0 1.0 1.0 1.0
0.9372549653053284 0.7725490927696228 0.5960784554481506
9
0.08001881837844849
1.0
0.43492186069488525
-0.003921568393707275
-0.003921568393707275
-0.003921568393707275
0.5516170263290405
-0.003921568393707275
-0.42102134227752686
4
0.0
0.0
0.8528549075126648
0.14714503288269043
0.40784314274787903
0
