13
FFace 0.30980393290519714 0.9529412388801575 0.9921569228172302 0.5058823823928833 0.9803922176361084 0.9725490808486938
01_FLHand01_01 0.6549019813537598 0.03529411926865578 0.0 0.11372549086809158 0.10980392247438431 0.12156862765550613
01_FRHand01_01 0.6549019813537598 0.03529411926865578 0.0 0.11372549086809158 0.10980392247438431 0.12156862765550613
03_FTorso13_01 0.12156863510608673 0.8901961445808411 0.9137255549430847 0.49803924560546875 0.8274510502815247 0.529411792755127
03_FLegs02_03 0.02352941408753395 0.7176470756530762 0.8666667342185974 0.09019608050584793 0.4431372582912445 0.06666667014360428
03_FLFoot02_01 0.11372549831867218 0.760784387588501 0.9450981020927429 0.1568627506494522 0.572549045085907 0.1568627506494522
03_FRFoot02_01 0.11372549831867218 0.760784387588501 0.9450981020927429 0.1568627506494522 0.572549045085907 0.1568627506494522
03_FAccBeanie 0.4274510145187378 0.24313727021217346 0.2549019753932953 0.2352941334247589 0.960784375667572 0.9254902601242065
02_FAcc_ANoEarring01 1.0 1.0 1.0 1.0 1.0 1.0
03_FAccGlasses03_01 0.5058823823928833 0.9803922176361084 0.9725490808486938 1.0 1.0 1.0
03_FAccBeanie_Wisp 0.4274510145187378 0.24313727021217346 0.2549019753932953 0.2352941334247589 0.960784375667572 0.9254902601242065
FAccPlayerBook 1.0 1.0 1.0 1.0 1.0 1.0
FAccKI 1.0 1.0 1.0 1.0 1.0 1.0
0.9372549653053284 0.8313726186752319 0.6784313917160034
9
-0.34901952743530273
-0.20176231861114502
0.3333333730697632
-0.014580607414245605
0.843451738357544
-0.4818495512008667
0.30980396270751953
0.5651925802230835
0.7266601324081421
4
0.0
0.13668915629386902
0.0
0.8633108139038086
0.054901961237192154
1
