10
FFace 0.8666667342185974 0.9803922176361084 1.0 0.5058823823928833 0.9803922176361084 0.9725490808486938
01_FLHand01_01 0.1098039299249649 0.8862745761871338 0.8196079134941101 0.11372549086809158 0.10980392247438431 0.12156862765550613
01_FRHand01_01 0.1098039299249649 0.8862745761871338 0.8196079134941101 0.11372549086809158 0.10980392247438431 0.12156862765550613
02_FHair03_01 0.4274510145187378 0.24313727021217346 0.2549019753932953 0.2352941334247589 0.960784375667572 0.9254902601242065
02_ULFoot_Vans 0.019607843831181526 0.7960785031318665 0.8235294818878174 0.1568627506494522 0.572549045085907 0.1568627506494522
02_URFoot_Vans 0.019607843831181526 0.7960785031318665 0.8235294818878174 0.1568627506494522 0.572549045085907 0.1568627506494522
FReward_BBallJersey 0.12156863510608673 0.8901961445808411 0.9137255549430847 0.38823533058166504 0.5137255191802979 1.0
03_FLegs02_01 0.003921568859368563 0.3764706254005432 0.8313726186752319 0.09019608050584793 0.4431372582912445 0.06666667014360428
FAccPlayerBook 1.0 1.0 1.0 1.0 1.0 1.0
FAccKI 1.0 1.0 1.0 1.0 1.0 1.0
0.9372549653053284 0.8313726186752319 0.6784313917160034
9
-0.34901952743530273
-0.20176231861114502
0.3333333730697632
-0.014580607414245605
0.843451738357544
-0.4818495512008667
0.30980396270751953
0.5651925802230835
0.7266601324081421
4
0.0
0.13668915629386902
0.0
0.8633108139038086
0.054901961237192154
1
