10
MFace 0.4705882668495178 0.40392160415649414 0.3960784673690796 1.0 1.0 1.0
01_MLegs01_01 0.5333333611488342 0.5137255191802979 0.0 0.2039215862751007 0.20784315466880798 0.22745099663734436
01_MLFoot01_01 0.847058892250061 0.8980392813682556 0.4901961088180542 0.9725490808486938 0.9921569228172302 0.9803922176361084
01_MRFoot01_01 0.847058892250061 0.8980392813682556 0.4901961088180542 0.9725490808486938 0.9921569228172302 0.9803922176361084
02_MHair02 0.2196078598499298 0.18431372940540314 0.1882353127002716 1.0 1.0 1.0
03_MTorso11_01 0.9764706492424011 0.9921569228172302 0.5411764979362488 0.874509871006012 0.9372549653053284 1.0
01_MLHandGlove01_01 0.8627451658248901 0.8588235974311829 0.1882353127002716 1.0 1.0 1.0
01_MRHandGlove01_01 0.8627451658248901 0.8588235974311829 0.1882353127002716 1.0 1.0 1.0
MAccPlayerBook 1.0 1.0 1.0 1.0 1.0 1.0
MAccKI 1.0 1.0 1.0 1.0 1.0 1.0
0.8666667342185974 0.6352941393852234 0.4705882668495178
9
0.19431202113628387
0.36123204231262207
-0.5765849947929382
0.23627869784832
0.37660276889801025
-1.0
-0.498800128698349
-0.4608686864376068
0.3570668697357178
4
0.0
0.0
0.0
0.0
0.16136206686496735
0
