10
MFace 0.4705882668495178 0.40392160415649414 0.3960784673690796 1.0 1.0 1.0
01_MLegs01_01 0.364705890417099 0.3803921937942505 0.3960784673690796 0.2039215862751007 0.20784315466880798 0.22745099663734436
02_MHair02 0.2196078598499298 0.18431372940540314 0.1882353127002716 1.0 1.0 1.0
03_MTorso04_01 0.9764706492424011 0.9921569228172302 0.5411764979362488 0.9921569228172302 0.9960784912109375 1.0
01_MLHand01_01 0.8627451658248901 0.8588235974311829 0.1882353127002716 1.0 1.0 1.0
01_MRHand01_01 0.8627451658248901 0.8588235974311829 0.1882353127002716 1.0 1.0 1.0
02_MLFoot03_01 0.615686297416687 0.6666666865348816 0.5254902243614197 0.9725490808486938 0.9921569228172302 0.9803922176361084
02_MRFoot03_01 0.615686297416687 0.6666666865348816 0.5254902243614197 0.9725490808486938 0.9921569228172302 0.9803922176361084
MAccPlayerBook 1.0 1.0 1.0 1.0 1.0 1.0
MAccKI 1.0 1.0 1.0 1.0 1.0 1.0
0.8705883026123047 0.6392157077789307 0.4745098352432251
9
0.19431202113628387
0.36123204231262207
-0.5765849947929382
0.23627869784832
0.37660276889801025
-1.0
-0.498800128698349
-0.4608686864376068
0.3570668697357178
4
0.0
0.0
0.0
0.0
0.16136206686496735
0
