11
MFace 0.47058823704719543 0.40392157435417175 0.3960784375667572 0.9215686321258545 0.8784313797950745 0.2705882489681244
01_MLHand01_01 0.8627451062202454 0.8588235378265381 0.1882352977991104 1.0 1.0 1.0
01_MRHand01_01 0.8627451062202454 0.8588235378265381 0.1882352977991104 1.0 1.0 1.0
03_MTorso01_01 0.7333333492279053 0.6823529601097107 0.027450980618596077 0.09019608050584793 0.08627451211214066 0.09803921729326248
01_MLegs02_01 0.9411764740943909 0.9725490212440491 0.4274509847164154 0.20392157137393951 0.2078431397676468 0.22745098173618317
01_MLFoot01_01 0.22745098173618317 0.23529411852359772 0.25882354378700256 0.9725490212440491 0.9921568632125854 0.9803921580314636
01_MRFoot01_01 0.22745098173618317 0.23529411852359772 0.25882354378700256 0.9725490212440491 0.9921568632125854 0.9803921580314636
02_MHair02 0.21960784494876862 0.18431372940540314 0.1882352977991104 0.8784313797950745 0.8352941274642944 0.1882352977991104
01_MAccGlasses01_01 0.9215686321258545 0.8784313797950745 0.2705882489681244 1.0 1.0 1.0
MAccPlayerBook 1.0 1.0 1.0 1.0 1.0 1.0
MAccKI 1.0 1.0 1.0 1.0 1.0 1.0
0.8627451658248901 0.6313725709915161 0.46666669845581055
9
-0.01522374153137207
-0.003921568393707275
-0.003921568393707275
-0.003921568393707275
-0.003921568393707275
-0.003921568393707275
-0.003921568393707275
-0.003921568393707275
-0.003921568393707275
4
0.0
0.0
0.0
0.0
0.16078431904315948
0
