11
FFace 0.9333333969116211 0.9725490808486938 0.9294118285179138 0.09803921729326248 0.09803921729326248 0.11372549086809158
01_FLegs02_01 0.07450980693101883 0.07450980693101883 0.08627451211214066 0.09019608050584793 0.4431372582912445 0.06666667014360428
03_FTorso10_01 0.5333333611488342 0.7215686440467834 0.12156862765550613 0.9921569228172302 0.9921569228172302 1.0
01_FLFoot01_01 0.9058824181556702 0.9686275124549866 0.4745098352432251 0.3686274588108063 0.3843137323856354 0.3921568691730499
01_FRFoot01_01 0.9058824181556702 0.9686275124549866 0.4745098352432251 0.3686274588108063 0.3843137323856354 0.3921568691730499
03_FAccBeanie 0.9686275124549866 0.9098039865493774 0.7254902124404907 0.9921569228172302 0.9372549653053284 0.4941176772117615
01_FLHand01_03 0.9960784912109375 0.9019608497619629 0.49803924560546875 0.11372549086809158 0.10980392247438431 0.12156862765550613
01_FRHand01_03 0.9960784912109375 0.9019608497619629 0.49803924560546875 0.11372549086809158 0.10980392247438431 0.12156862765550613
03_FAccBeanie_Wisp 0.9686275124549866 0.9098039865493774 0.7254902124404907 0.9921569228172302 0.9372549653053284 0.4941176772117615
FAccPlayerBook 1.0 1.0 1.0 1.0 1.0 1.0
FAccKI 1.0 1.0 1.0 1.0 1.0 1.0
0.9372549653053284 0.7764706611633301 0.6039215922355652
9
-0.34901952743530273
-0.3376575708389282
0.3333333730697632
0.5450276136398315
-0.4792839288711548
0.19073408842086792
0.41545194387435913
0.22975009679794312
0.3376149535179138
4
0.0
0.6659373641014099
0.0
0.3340625762939453
0.054901961237192154
1
