11
FFace 0.9333333969116211 0.9725490808486938 0.9294118285179138 0.09803921729326248 0.09803921729326248 0.11372549086809158
02_FHair10 0.9686275124549866 0.9098039865493774 0.7254902124404907 0.9921569228172302 0.9372549653053284 0.4941176772117615
01_FLHand01_01 0.9960784912109375 0.9019608497619629 0.49803924560546875 0.11372549086809158 0.10980392247438431 0.12156862765550613
01_FRHand01_01 0.9960784912109375 0.9019608497619629 0.49803924560546875 0.11372549086809158 0.10980392247438431 0.12156862765550613
02_FLegs03_02 0.6823529601097107 0.6941176652908325 0.01568627543747425 0.09019608050584793 0.4431372582912445 0.06666667014360428
02_FTorso11_01 0.7647059559822083 0.7764706611633301 0.08235294371843338 0.874509871006012 0.8431373238563538 0.1882353127002716
02_ULFoot_Vans 0.8549020290374756 0.686274528503418 0.4549019932746887 0.3686274588108063 0.3843137323856354 0.3921568691730499
02_URFoot_Vans 0.8549020290374756 0.686274528503418 0.4549019932746887 0.3686274588108063 0.3843137323856354 0.3921568691730499
02_FHair10_Wisp 0.9686275124549866 0.9098039865493774 0.7254902124404907 0.9921569228172302 0.9372549653053284 0.4941176772117615
FAccPlayerBook 1.0 1.0 1.0 1.0 1.0 1.0
FAccKI 1.0 1.0 1.0 1.0 1.0 1.0
0.9372549653053284 0.7764706611633301 0.6039215922355652
9
-0.34901952743530273
-0.3376575708389282
0.3333333730697632
0.5450276136398315
-0.4792839288711548
0.19073408842086792
0.41545194387435913
0.22975009679794312
0.3376149535179138
4
0.0
0.6659373641014099
0.0
0.3340625762939453
0.054901961237192154
1
