12
FFace 0.9333333969116211 0.9725490808486938 0.9294118285179138 0.09803921729326248 0.09803921729326248 0.11372549086809158
01_FLHand01_01 0.7568628191947937 0.7058823704719543 0.04313725605607033 0.11372549086809158 0.10980392247438431 0.12156862765550613
01_FRHand01_01 0.7568628191947937 0.7058823704719543 0.04313725605607033 0.11372549086809158 0.10980392247438431 0.12156862765550613
03_FTorso15_01 0.08627451211214066 0.08627451211214066 0.09803922474384308 0.874509871006012 0.8431373238563538 0.1882353127002716
02_FHair10 0.9686275124549866 0.9098039865493774 0.7254902124404907 0.9921569228172302 0.9372549653053284 0.4941176772117615
01_FLegs02_01 0.5058823823928833 0.4392157196998596 0.0 0.8156863451004028 0.7803922295570374 0.10588236153125763
02_FLFoot03_01 0.07450980693101883 0.07450980693101883 0.08627451211214066 0.6431372761726379 0.6000000238418579 0.0
02_FRFoot03_01 0.07450980693101883 0.07450980693101883 0.08627451211214066 0.6431372761726379 0.6000000238418579 0.0
FAccPlayerBook 1.0 1.0 1.0 1.0 1.0 1.0
FAccKI 1.0 1.0 1.0 1.0 1.0 1.0
02_FHair10_Wisp 0.9686275124549866 0.9098039865493774 0.7254902124404907 0.9921569228172302 0.9372549653053284 0.4941176772117615
02_FAcc_Earring03 1.0 1.0 1.0 1.0 1.0 1.0
0.9372549653053284 0.7764706611633301 0.6039215922355652
9
-0.34901952743530273
-0.3376575708389282
0.3333333730697632
0.5450276136398315
-0.4792839288711548
0.19073408842086792
0.41545194387435913
0.22975009679794312
0.3376149535179138
4
0.0
0.6659373641014099
0.0
0.3340625762939453
0.054901961237192154
1
