11
MFace 0.4901961088180542 0.5960784554481506 1.0 1.0 1.0 1.0
01_MLHand01_01 0.2039215862751007 0.21176472306251526 0.2196078598499298 1.0 1.0 1.0
01_MRHand01_01 0.2039215862751007 0.21176472306251526 0.2196078598499298 1.0 1.0 1.0
02_MHair_Ponytail 0.9921569228172302 0.8627451658248901 0.6078431606292725 0.07450980693101883 0.07450980693101883 0.08627451211214066
03_MTorso05_02 0.0 0.6627451181411743 0.6470588445663452 0.43529415130615234 0.9098039865493774 0.9215686917304993
03_MLegs02_01 0.9921569228172302 1.0 0.9960784912109375 1.0 1.0 1.0
03_LFoot_Van 0.0784313753247261 0.8666667342185974 0.7960785031318665 1.0 1.0 1.0
03_RFoot_Van 0.0784313753247261 0.8666667342185974 0.7960785031318665 1.0 1.0 1.0
MAccPlayerBook 1.0 1.0 1.0 1.0 1.0 1.0
MAccKI 1.0 1.0 1.0 1.0 1.0 1.0
01_MFaceHair03_01 0.9921569228172302 0.8627451658248901 0.6078431606292725 1.0 1.0 1.0
0.917647123336792 0.7333333492279053 0.5568627715110779
9
0.6324343085289001
-0.027040323242545128
0.7461543679237366
0.27487173676490784
0.123728908598423
-0.003921568393707275
0.7655895352363586
1.0
0.2598072588443756
4
0.0
1.0
0.0
0.0
0.0010554158361628652
0
