11
MFace 0.4901961088180542 0.5960784554481506 1.0 1.0 1.0 1.0
01_MLHand01_01 0.2039215862751007 0.21176472306251526 0.2196078598499298 1.0 1.0 1.0
01_MRHand01_01 0.2039215862751007 0.21176472306251526 0.2196078598499298 1.0 1.0 1.0
02_MLFoot03_01 0.0 0.658823549747467 0.6000000238418579 1.0 1.0 1.0
02_MRFoot03_01 0.0 0.658823549747467 0.6000000238418579 1.0 1.0 1.0
02_MHair_Ponytail 0.9921569228172302 0.8627451658248901 0.6078431606292725 0.011764707043766975 0.46666669845581055 0.46274513006210327
02_MLegs03_02 0.007843137718737125 0.4784314036369324 0.4705882668495178 1.0 1.0 1.0
03_MSweatshirt_Mantis 0.0 0.6627451181411743 0.6470588445663452 0.1098039299249649 0.11372549831867218 0.125490203499794
MAccPlayerBook 1.0 1.0 1.0 1.0 1.0 1.0
MAccKI 1.0 1.0 1.0 1.0 1.0 1.0
01_MFaceHair03_01 0.9921569228172302 0.8627451658248901 0.6078431606292725 1.0 1.0 1.0
0.917647123336792 0.7333333492279053 0.5568627715110779
9
0.6324343085289001
-0.027040323242545128
0.7461543679237366
0.27487173676490784
0.123728908598423
-0.003921568393707275
0.7655895352363586
1.0
0.2598072588443756
4
0.0
1.0
0.0
0.0
0.0010554158361628652
0
