10
MFace 0.9843137860298157 0.9725490808486938 1.0 1.0 1.0 1.0
01_MLHand01_01 1.0 1.0 1.0 1.0 1.0 1.0
01_MRHand01_01 1.0 1.0 1.0 1.0 1.0 1.0
01_MLFoot01_01 0.9411765336990356 0.6784313917160034 0.41568630933761597 1.0 1.0 1.0
01_MRFoot01_01 0.9411765336990356 0.6784313917160034 0.41568630933761597 1.0 1.0 1.0
03_MTorso_Suit 1.0 1.0 1.0 1.0 1.0 1.0
02_MHair_Ponytail 0.9647059440612793 0.7411764860153198 0.41568630933761597 1.0 1.0 1.0
01_MLegs02_01 0.3529411852359772 0.7843137979507446 0.4862745404243469 0.6901960968971252 0.4078431725502014 0.007843137718737125
MAccPlayerBook 1.0 1.0 1.0 1.0 1.0 1.0
MAccKI 1.0 1.0 1.0 1.0 1.0 1.0
0.9450981020927429 0.9137255549430847 0.8117647767066956
9
0.46099555492401123
1.0
-0.003921568393707275
-0.3176470398902893
-0.003921568393707275
-0.03529411554336548
0.686274528503418
-1.0
-1.0
4
0.0
0.15294118225574493
0.0
0.6745098233222961
0.24623022973537445
0
