10
FFace 0.5372549295425415 0.3764706254005432 0.0 0.09803921729326248 0.09803921729326248 0.11372549086809158
02_FLFoot03_01 0.5568627715110779 0.05098039656877518 0.0 0.07058823853731155 0.10196079313755035 0.9019608497619629
02_FRFoot03_01 0.5568627715110779 0.05098039656877518 0.0 0.07058823853731155 0.10196079313755035 0.9019608497619629
01_FLegs02_01 0.062745101749897 0.062745101749897 0.8784314393997192 0.09019608050584793 0.4431372582912445 0.06666667014360428
FTorso_VJacket 0.16862745583057404 0.250980406999588 0.9725490808486938 0.5686274766921997 0.011764707043766975 0.0
01_FLHand01_03 1.0 1.0 0.9843137264251709 0.11372549086809158 0.10980392247438431 0.12156862765550613
01_FRHand01_03 1.0 1.0 0.9843137264251709 0.11372549086809158 0.10980392247438431 0.12156862765550613
02_FHAccGolfCap_01 0.20784315466880798 0.1882353127002716 0.1882353127002716 0.6980392336845398 0.0313725508749485 0.0
FAccPlayerBook 1.0 1.0 1.0 1.0 1.0 1.0
FAccKI 1.0 1.0 1.0 1.0 1.0 1.0
0.9450981020927429 0.8509804606437683 0.6705882549285889
9
0.2895568013191223
0.6912624835968018
0.3333333730697632
0.525731086730957
0.2987961173057556
-1.0
0.41545194387435913
0.22975009679794312
0.5904943943023682
4
0.0
0.0032621293794363737
0.0
0.3340625762939453
0.054901961237192154
1
