11
FFace 0.5372549295425415 0.3764706254005432 0.0 0.09803921729326248 0.09803921729326248 0.11372549086809158
02_FLFoot03_01 0.2352941334247589 0.250980406999588 0.6666666865348816 0.6313725709915161 0.0313725508749485 0.0
02_FRFoot03_01 0.2352941334247589 0.250980406999588 0.6666666865348816 0.6313725709915161 0.0313725508749485 0.0
Icon_FHair_ShortMock1 0.20784315466880798 0.1882353127002716 0.1882353127002716 0.6980392336845398 0.0313725508749485 0.0
03_FTorso06_01 0.16862745583057404 0.250980406999588 0.9725490808486938 0.5686274766921997 0.011764707043766975 0.0
01_FLHand01_01 0.9372549653053284 0.2666666805744171 0.22745099663734436 0.11372549086809158 0.10980392247438431 0.12156862765550613
01_FRHand01_01 0.9372549653053284 0.2666666805744171 0.22745099663734436 0.11372549086809158 0.10980392247438431 0.12156862765550613
02_FLegs03_02 0.6784313917160034 0.011764707043766975 0.0 0.09019608050584793 0.4431372582912445 0.06666667014360428
FAccPlayerBook 1.0 1.0 1.0 1.0 1.0 1.0
FAccKI 1.0 1.0 1.0 1.0 1.0 1.0
FAcc_FHair_ShortMock1 0.20784315466880798 0.1882353127002716 0.1882353127002716 0.6980392336845398 0.0313725508749485 0.0
0.9450981020927429 0.8509804606437683 0.6705882549285889
9
0.2895568311214447
0.6912624835968018
0.3333333730697632
0.525731086730957
0.2987961173057556
-1.0
0.41545194387435913
0.22975009679794312
0.5904943943023682
4
0.0
0.0032621293794363737
0.0
0.3340625762939453
0.054901961237192154
1
