11
FFace 0.5372549295425415 0.3764706254005432 0.0 0.09803921729326248 0.09803921729326248 0.11372549086809158
01_FLHand01_01 0.9372549653053284 0.2666666805744171 0.22745099663734436 0.11372549086809158 0.10980392247438431 0.12156862765550613
01_FRHand01_01 0.9372549653053284 0.2666666805744171 0.22745099663734436 0.11372549086809158 0.10980392247438431 0.12156862765550613
Icon_FHair_ShortMock1 0.20784315466880798 0.1882353127002716 0.1882353127002716 0.1568627506494522 0.34117648005485535 0.9764706492424011
FReward_PubJacket 0.16862745583057404 0.250980406999588 0.9725490808486938 0.5686274766921997 0.011764707043766975 0.0
01_FLegs02_01 0.4431372880935669 0.5568627715110779 1.0 0.0 0.20000001788139343 0.6745098233222961
02_ULFoot_Vans 0.7372549176216125 0.5098039507865906 0.0313725508749485 0.6313725709915161 0.0313725508749485 0.0
02_URFoot_Vans 0.7372549176216125 0.5098039507865906 0.0313725508749485 0.6313725709915161 0.0313725508749485 0.0
FAccPlayerBook 1.0 1.0 1.0 1.0 1.0 1.0
FAccKI 1.0 1.0 1.0 1.0 1.0 1.0
FAcc_FHair_ShortMock1 0.20784315466880798 0.1882353127002716 0.1882353127002716 0.1568627506494522 0.34117648005485535 0.9764706492424011
0.9450981020927429 0.8509804606437683 0.6705882549285889
9
0.2895568311214447
0.6912624835968018
0.3333333730697632
0.525731086730957
0.2987961173057556
-1.0
0.41545194387435913
0.22975009679794312
0.5904943943023682
4
0.0
0.0032621293794363737
0.0
0.3340625762939453
0.054901961237192154
1
