11
FFace 0.4313725531101227 0.7098039388656616 0.6235294342041016 0.45490196347236633 0.8470588326454163 1.0
01_FLHand01_01 0.9921568632125854 1.0 0.95686274766922 0.9960784316062927 0.9921568632125854 1.0
01_FRHand01_01 0.9921568632125854 1.0 0.95686274766922 0.9960784316062927 0.9921568632125854 1.0
02_ULFoot_Vans 0.7882353663444519 0.0784313753247261 0.8392157554626465 0.9725490212440491 0.9725490212440491 1.0
02_URFoot_Vans 0.7882353663444519 0.0784313753247261 0.8392157554626465 0.9725490212440491 0.9725490212440491 1.0
FReward_Atrus 0.3137255012989044 0.3960784375667572 1.0 0.6980392336845398 0.0313725508749485 0.0
02_FLegs01_02 0.8705883026123047 0.21568629145622253 0.9490196704864502 0.5137255191802979 0.05098039284348488 0.0
FReward_Pith 0.16862745583057404 0.14509804546833038 0.15294118225574493 0.8627451658248901 0.32549020648002625 0.9921569228172302
FAcc_PithHelmet 0.16862745583057404 0.14509804546833038 0.15294118225574493 0.8627451658248901 0.32549020648002625 0.9921569228172302
FAccPlayerBook 1.0 1.0 1.0 1.0 1.0 1.0
FAccKI 1.0 1.0 1.0 1.0 1.0 1.0
0.7568628191947937 0.5411764979362488 0.4274510145187378
9
-0.34901952743530273
-0.18431371450424194
0.3333333730697632
-0.41960781812667847
0.37254905700683594
0.3647059202194214
0.30980396270751953
-0.32549017667770386
0.43529415130615234
4
0.0
0.0
0.4901960790157318
0.0
0.054901961237192154
1
