9
FFace 0.4431372582912445 0.6000000238418579 0.529411792755127 0.09803921729326248 0.09803921729326248 0.11372549086809158
01_FLHand01_01 1.0 0.9686275124549866 0.9529412388801575 0.11372549086809158 0.10980392247438431 0.12156862765550613
01_FRHand01_01 1.0 0.9686275124549866 0.9529412388801575 0.11372549086809158 0.10980392247438431 0.12156862765550613
02_FLegs01_02 0.07450980693101883 0.8588235974311829 0.8823530077934265 0.9882352948188782 1.0 0.9960784316062927
03_FLFoot04_01 1.0 0.9764706492424011 0.9725490808486938 1.0 1.0 1.0
03_FRFoot04_01 1.0 0.9764706492424011 0.9725490808486938 1.0 1.0 1.0
Fan01_FTorso_BellyShirt 0.0470588281750679 0.8352941870689392 0.8588235974311829 0.6666666865348816 0.8392156958580017 0.29411765933036804
FReward_Pith 0.4705882668495178 0.24705883860588074 0.250980406999588 0.05098039656877518 0.847058892250061 0.8156863451004028
FAcc_PithHelmet 0.4705882668495178 0.24705883860588074 0.250980406999588 0.05098039656877518 0.847058892250061 0.8156863451004028
0.8117647767066956 0.615686297416687 0.48235297203063965
9
-0.34901952743530273
-0.18431371450424194
0.3333333730697632
-0.41960781812667847
0.37254905700683594
0.3647059202194214
0.30980396270751953
-0.32549017667770386
0.43529415130615234
4
0.0
0.0
0.4901960790157318
0.0
0.054901961237192154
1
