9
MFace 0.9843137264251709 0.9725490212440491 1.0 1.0 1.0 1.0
01_MLHand01_01 1.0 1.0 1.0 1.0 1.0 1.0
01_MRHand01_01 1.0 1.0 1.0 1.0 1.0 1.0
02_MLFoot03_01 0.5921568870544434 0.23529411852359772 0.0 0.5098039507865906 0.545098066329956 0.5529412031173706
02_MRFoot03_01 0.5921568870544434 0.23529411852359772 0.0 0.5098039507865906 0.545098066329956 0.5529412031173706
03_MTorso_Suit 1.0 1.0 1.0 1.0 1.0 1.0
MReward_Pith 0.37254902720451355 0.14901961386203766 0.1882352977991104 0.7019608020782471 0.2823529541492462 0.003921568859368563
02_MLegs03_01 0.8313725590705872 0.3803921639919281 0.0941176488995552 0.6901960968971252 0.40784314274787903 0.007843137718737125
02_MAcc_PithHelmet 0.37254902720451355 0.14901961386203766 0.1882352977991104 0.7019608020782471 0.2823529541492462 0.003921568859368563
0.843137264251709 0.6470588445663452 0.49803921580314636
9
-0.34901952743530273
1.0
0.23921573162078857
0.043137311935424805
0.3176470994949341
0.20784318447113037
0.12156867980957031
0.301960825920105
0.3176470994949341
4
0.0
0.0
0.4901960790157318
0.0
0.054901961237192154
0
