9
MFace 0.125490203499794 0.12156862765550613 0.1411764770746231 0.30588236451148987 0.6549019813537598 0.18431372940540314
01_MLHand01_01 0.5411764979362488 0.4627451002597809 0.0 1.0 1.0 1.0
01_MRHand01_01 0.5411764979362488 0.4627451002597809 0.0 1.0 1.0 1.0
MReward_Pith 0.20392157137393951 0.1882352977991104 0.1882352977991104 0.4705882668495178 0.7215686440467834 0.1725490242242813
MTorso_ShortSleeve_Kalamee 1.0 0.9960784912109375 0.988235354423523 1.0 1.0 1.0
02_MLegs01_02 0.2980392277240753 0.5647059082984924 0.05490196496248245 1.0 1.0 1.0
03_MLFoot04_01 0.1882352977991104 0.5490196347236633 0.09803921729326248 0.14509804546833038 0.14509804546833038 0.16470588743686676
03_MRFoot04_01 0.1882352977991104 0.5490196347236633 0.09803921729326248 0.14509804546833038 0.14509804546833038 0.16470588743686676
02_MAcc_PithHelmet 0.20392157137393951 0.1882352977991104 0.1882352977991104 0.4705882668495178 0.7215686440467834 0.1725490242242813
0.7450980544090271 0.5333333611488342 0.4235294461250305
9
-0.34901952743530273
1.0
0.23921573162078857
0.043137311935424805
0.3176470994949341
0.20784318447113037
0.12156867980957031
0.301960825920105
0.3176470994949341
4
0.0
0.0
0.4901960790157318
0.0
0.054901961237192154
0
