9
FFace 0.4431372582912445 0.6000000238418579 0.529411792755127 0.09803921729326248 0.09803921729326248 0.11372549086809158
01_FLHand01_01 1.0 0.9686275124549866 0.9529412388801575 1.0 1.0 1.0
01_FRHand01_01 1.0 0.9686275124549866 0.9529412388801575 0.11372549086809158 0.10980392247438431 0.12156862765550613
FTorso_ShortSleeve_Kalamee 0.9333333969116211 0.3019607961177826 0.9647059440612793 0.6666666865348816 0.8392156958580017 0.29411765933036804
03_FLFoot04_01 1.0 0.9764706492424011 0.9725490808486938 1.0 1.0 1.0
03_FRFoot04_01 1.0 0.9764706492424011 0.9725490808486938 1.0 1.0 1.0
02_FLegs01_02 0.8823530077934265 0.9098039865493774 0.2705882489681244 0.9882352948188782 1.0 0.9960784316062927
FReward_Pith 0.4705882668495178 0.24705883860588074 0.250980406999588 0.9254902601242065 0.8980392813682556 0.29019609093666077
FAcc_PithHelmet 0.4705882668495178 0.24705883860588074 0.250980406999588 0.9254902601242065 0.8980392813682556 0.29019609093666077
0.8117647767066956 0.615686297416687 0.48235297203063965
9
-0.34901952743530273
-0.18431371450424194
0.3333333730697632
-0.41960781812667847
0.37254905700683594
0.3647059202194214
0.30980396270751953
-0.32549017667770386
0.43529415130615234
4
0.0
0.0
0.4901960790157318
0.0
0.054901961237192154
1
