8
MFace 0.5 0.300000011921 0.20000000298 1.0 1.0 1.0
03_MHAcc_SuitHelmet 1.0 1.0 1.0 1.0 1.0 1.0
03_MLHand_Suit 1.0 1.0 1.0 1.0 1.0 1.0
03_MRHand_Suit 1.0 1.0 1.0 1.0 1.0 1.0
03_MTorso_Suit 1.0 1.0 1.0 1.0 1.0 1.0
03_MLegs_Suit 1.0 1.0 1.0 1.0 1.0 1.0
03_MLFoot_Suit 1.0 1.0 1.0 1.0 1.0 1.0
03_MRFoot_Suit 1.0 1.0 1.0 1.0 1.0 1.0
0.941176474094 0.850980401039 0.701960802078
9
-0.592156887054
1.0
-0.00392156839371
-0.31764703989
-0.00392156839371
-0.0352941155434
0.686274528503
-1.0
-1.0
4
0.0
0.152941182256
0.0
0.674509823322
0.407843142748
0
