8
MFace 0.5 0.300000011921 0.20000000298 1.0 1.0 1.0
01_MLegs01_01 0.341176480055 0.505882382393 0.709803938866 0.0 0.0 0.0
02_MTorso12_01 0.486274510622 0.658823549747 0.607843160629 1.0 1.0 1.0
01_MLHand01_01 1.0 1.0 1.0 1.0 1.0 1.0
01_MRHand01_01 1.0 1.0 1.0 1.0 1.0 1.0
01_MHair01_01 0.5 0.300000011921 0.20000000298 1.0 1.0 1.0
02_MLFoot03_01 1.0 1.0 1.0 1.0 1.0 1.0
02_MRFoot03_01 1.0 1.0 1.0 1.0 1.0 1.0
0.941176474094 0.850980401039 0.701960802078
9
-0.592156887054
1.0
-0.00392156839371
-0.31764703989
-0.00392156839371
-0.0352941155434
0.686274528503
-1.0
-1.0
4
0.0
0.152941182256
0.0
0.674509823322
0.407843142748
0
