10
MFace 0.5 0.300000011921 0.20000000298 1.0 1.0 1.0
02_MTorso12_01 0.909803986549 0.596078455448 0.231372565031 1.0 1.0 1.0
01_MLHand01_01 1.0 1.0 1.0 1.0 1.0 1.0
01_MRHand01_01 1.0 1.0 1.0 1.0 1.0 1.0
02_MHAccGolfCap_01 0.5 0.300000011921 0.20000000298 0.95294123888 0.670588254929 0.317647069693
02_MLegs01_02 0.741176486015 0.419607877731 0.0313725508749 0.0 0.0 0.0
03_LFoot_Van 0.890196144581 0.541176497936 0.192156881094 1.0 1.0 1.0
03_RFoot_Van 0.890196144581 0.541176497936 0.192156881094 1.0 1.0 1.0
MAccPlayerBook 1.0 1.0 1.0 1.0 1.0 1.0
MAccKI 1.0 1.0 1.0 1.0 1.0 1.0
0.729411780834 0.521568655968 0.419607847929
9
0.387416034937
-0.00392156839371
-0.00392156839371
-0.00392156839371
-0.00392156839371
-0.00392156839371
-0.00392156839371
-0.00392156839371
-0.00392156839371
4
0.0
0.0
1.0
0.0
0.121568627656
0
