11
FFace 0.447058826685 0.705882370472 0.631372570992 0.470588237047 0.776470601559 0.364705890417
01_FLHand01_01 0.992156922817 1.0 0.956862807274 0.996078431606 0.992156863213 1.0
01_FRHand01_01 0.992156922817 1.0 0.956862807274 0.996078431606 0.992156863213 1.0
02_ULFoot_Vans 0.749019622803 0.0392156876624 0.0117647070438 0.396078437567 0.427450984716 0.470588237047
02_URFoot_Vans 0.749019622803 0.0392156876624 0.0117647070438 0.396078437567 0.427450984716 0.470588237047
02_FHAccGolfCap_01 0.396078437567 0.152941182256 0.141176477075 0.800000071526 0.0862745121121 0.0431372560561
02_FTorso12_01 0.72549021244 0.0352941192687 0.00392156885937 0.549019634724 0.278431385756 0.996078431606
02_FLegs01_02 0.556862771511 0.0352941192687 0.0 1.0 1.0 1.0
FAccPlayerBook 1.0 1.0 1.0 1.0 1.0 1.0
FAccKI 1.0 1.0 1.0 1.0 1.0 1.0
02_FAcc_Earring03 1.0 1.0 1.0 1.0 1.0 1.0
0.729411780834 0.521568655968 0.419607877731
9
-0.0509804077446
-1.0
0.0980392694473
-0.0431372523308
0.521568655968
0.262745141983
0.160784363747
-0.0588235259056
-0.192156851292
4
0.0
0.0
1.0
0.0
0.121568627656
1
