10
MFace 0.5 0.300000011921 0.20000000298 1.0 1.0 1.0
02_MTorso12_01 0.486274540424 0.184313729405 0.972549080849 1.0 1.0 1.0
01_MLHand01_01 1.0 1.0 1.0 1.0 1.0 1.0
01_MRHand01_01 1.0 1.0 1.0 1.0 1.0 1.0
02_MHAccGolfCap_01 0.5 0.300000011921 0.20000000298 0.584313750267 0.384313762188 1.0
02_MLegs01_02 0.388235330582 0.0549019649625 0.890196144581 0.0 0.0 0.0
03_LFoot_Van 0.501960813999 0.227450996637 0.988235354424 1.0 1.0 1.0
03_RFoot_Van 0.501960813999 0.227450996637 0.988235354424 1.0 1.0 1.0
MAccPlayerBook 1.0 1.0 1.0 1.0 1.0 1.0
MAccKI 1.0 1.0 1.0 1.0 1.0 1.0
0.729411780834 0.521568655968 0.419607847929
9
0.387416034937
-0.00392156839371
-0.00392156839371
-0.00392156839371
-0.00392156839371
-0.00392156839371
-0.00392156839371
-0.00392156839371
-0.00392156839371
4
0.0
0.0
1.0
0.0
0.121568627656
0
