11
FFace 0.447058826685 0.705882370472 0.631372570992 0.470588237047 0.776470601559 0.364705890417
02_FTorso12_01 0.933333396912 0.949019670486 0.35686275363 0.549019634724 0.278431385756 0.996078431606
01_FLHand01_01 0.992156863213 1.0 0.956862747669 0.996078431606 0.992156863213 1.0
01_FRHand01_01 0.992156863213 1.0 0.956862747669 0.996078431606 0.992156863213 1.0
02_ULFoot_Vans 0.949019670486 0.964705944061 0.403921604156 0.396078437567 0.427450984716 0.470588237047
02_URFoot_Vans 0.949019670486 0.964705944061 0.403921604156 0.396078437567 0.427450984716 0.470588237047
02_FHAccGolfCap_01 0.396078437567 0.152941182256 0.141176477075 0.972549080849 0.937254965305 0.400000035763
02_FLegs01_02 0.862745165825 0.909803986549 0.274509817362 1.0 1.0 1.0
FAccPlayerBook 1.0 1.0 1.0 1.0 1.0 1.0
FAccKI 1.0 1.0 1.0 1.0 1.0 1.0
02_FAcc_Earring03 1.0 1.0 1.0 1.0 1.0 1.0
0.729411780834 0.521568655968 0.419607847929
9
-0.0509804077446
-1.0
0.0980392694473
-0.0431372523308
0.521568655968
0.262745141983
0.160784363747
-0.0588235259056
-0.192156851292
4
0.0
0.0
1.0
0.0
0.121568627656
1
