10
MFace 0.5 0.300000011921 0.20000000298 1.0 1.0 1.0
02_MTorso12_01 0.635294139385 0.839215755463 0.341176480055 1.0 1.0 1.0
01_MLHand01_01 1.0 1.0 1.0 1.0 1.0 1.0
01_MRHand01_01 1.0 1.0 1.0 1.0 1.0 1.0
02_MHAccGolfCap_01 0.5 0.300000011921 0.20000000298 0.607843160629 0.831372618675 0.345098048449
02_MLegs01_02 0.368627458811 0.611764729023 0.0705882385373 0.0 0.0 0.0
03_LFoot_Van 0.560784339905 0.745098054409 0.149019613862 1.0 1.0 1.0
03_RFoot_Van 0.560784339905 0.745098054409 0.149019613862 1.0 1.0 1.0
MAccPlayerBook 1.0 1.0 1.0 1.0 1.0 1.0
MAccKI 1.0 1.0 1.0 1.0 1.0 1.0
0.729411780834 0.521568655968 0.419607847929
9
0.387416034937
-0.00392156839371
-0.00392156839371
-0.00392156839371
-0.00392156839371
-0.00392156839371
-0.00392156839371
-0.00392156839371
-0.00392156839371
4
0.0
0.0
1.0
0.0
0.121568627656
0
