12
FFace 0.5490196347236633 0.7254902124404907 0.11764705926179886 0.7411764860153198 0.2235294133424759 0.9764705896377563
01_FLegs01_01 0.3921568691730499 0.1882352977991104 0.03921568766236305 0.40392157435417175 0.20392157137393951 0.0313725508749485
01_FLHand01_01 1.0 0.9372549057006836 0.729411780834198 1.0 1.0 1.0
01_FRHand01_01 1.0 0.9372549057006836 0.729411780834198 1.0 1.0 1.0
Icon_FHair_Swept1 0.5843137502670288 0.239215686917305 0.18431372940540314 1.0 0.9960784316062927 0.95686274766922
FReward_LHikingBoot 0.38823530077934265 0.2862745225429535 0.03921568766236305 1.0 0.8784313797950745 0.7450980544090271
FReward_RHikingBoot 0.38823530077934265 0.2862745225429535 0.03921568766236305 1.0 0.8784313797950745 0.7450980544090271
FReward_PubJacket 1.0 0.9960784316062927 0.9843137264251709 0.4431372582912445 0.9215686321258545 0.7450980544090271
FAcc_FHair_Swept1 0.5843137502670288 0.239215686917305 0.18431372940540314 1.0 0.9960784316062927 0.95686274766922
02_FAcc_ANoEarring01 1.0 1.0 1.0 1.0 1.0 1.0
FAccKI 1.0 1.0 1.0 1.0 1.0 1.0
FAccPlayerBook 1.0 1.0 1.0 1.0 1.0 1.0
0.9450980424880981 0.7843137383460999 0.6313725709915161
9
0
0
0
0
0
0
0
0
0
4
0.0
0.1764705926179886
0.21568627655506134
0.364705890417099
0.529411792755127
1
