11
MFace 0.49803921580314636 0.2980392277240753 0.20000000298023224 1.0 1.0 1.0
01_MLegs01_01 0.25882354378700256 0.6470588445663452 0.21568627655506134 0.0 0.0 0.0
02_MTorso12_01 0.886274516582489 0.8549019694328308 0.2078431397676468 1.0 1.0 1.0
01_MLHand01_01 1.0 1.0 1.0 1.0 1.0 1.0
01_MRHand01_01 1.0 1.0 1.0 1.0 1.0 1.0
01_MHair01_01 0.6901960968971252 0.3764705955982208 0.15294118225574493 1.0 1.0 1.0
02_MLFoot03_01 1.0 1.0 1.0 1.0 1.0 1.0
02_MRFoot03_01 1.0 1.0 1.0 1.0 1.0 1.0
MAccKI 1.0 1.0 1.0 1.0 1.0 1.0
MAccPlayerBook 1.0 1.0 1.0 1.0 1.0 1.0
01_MAccGlasses02_01 1.0 1.0 1.0 1.0 1.0 1.0
0.9254902005195618 0.7254902124404907 0.545098066329956
9
-0.1450980305671692
-0.30980390310287476
-0.6313725709915161
-0.7019608020782471
-0.4745097756385803
-0.40392154455184937
-0.40392154455184937
-0.1294117569923401
-0.30980390310287476
4
0.0
0.21176470816135406
0.1921568661928177
0.22745098173618317
0.658823549747467
0
