11
MFace 0.49803921580314636 0.2980392277240753 0.20000000298023224 1.0 1.0 1.0
01_MLegs01_01 0.6235294342041016 0.27450981736183167 0.0 0.0 0.0 0.0
01_MLHand01_01 1.0 1.0 1.0 1.0 1.0 1.0
01_MRHand01_01 1.0 1.0 1.0 1.0 1.0 1.0
01_MHair01_01 0.6901960968971252 0.3764705955982208 0.15294118225574493 0.29411765933036804 0.658823549747467 0.20392157137393951
02_MLFoot03_01 0.5960784554481506 0.20784315466880798 0.0 0.6274510025978088 0.24705883860588074 0.0
02_MRFoot03_01 0.5960784554481506 0.20784315466880798 0.0 0.6274510025978088 0.24705883860588074 0.0
MTorso_ShortSleeve_Kalamee 0.6352941393852234 0.14901961386203766 0.0 1.0 1.0 1.0
MAccPlayerBook 1.0 1.0 1.0 1.0 1.0 1.0
MAccKI 1.0 1.0 1.0 1.0 1.0 1.0
01_MAccGlasses02_01 1.0 1.0 1.0 1.0 1.0 1.0
0.9254902005195618 0.7254902124404907 0.545098066329956
9
-0.2392156720161438
-0.40392154455184937
-1.0
-1.0
-0.6392157077789307
-0.498039186000824
-0.498039186000824
-0.21568626165390015
-0.40392154455184937
4
0.0
0.21176470816135406
0.1921568661928177
0.22745098173618317
0.658823549747467
0
