11
MFace 0.49803921580314636 0.2980392277240753 0.20000000298023224 1.0 1.0 1.0
01_MLegs01_01 0.25882354378700256 0.6470588445663452 0.21568627655506134 0.0 0.0 0.0
01_MLHand01_01 1.0 1.0 1.0 1.0 1.0 1.0
01_MRHand01_01 1.0 1.0 1.0 1.0 1.0 1.0
01_MHair01_01 0.6901960968971252 0.3764705955982208 0.15294118225574493 1.0 1.0 1.0
02_MLFoot03_01 1.0 1.0 1.0 1.0 1.0 1.0
02_MRFoot03_01 1.0 1.0 1.0 1.0 1.0 1.0
MHood_MTP 0.886274516582489 0.8549019694328308 0.2078431397676468 1.0 1.0 1.0
01_MAccGlasses02_01 1.0 1.0 1.0 1.0 1.0 1.0
MAccPlayerBook 1.0 1.0 1.0 1.0 1.0 1.0
MAccKI 1.0 1.0 1.0 1.0 1.0 1.0
0.9254902005195618 0.7254902124404907 0.545098066329956
9
-0.13548453152179718
-0.3647707402706146
-0.5968561172485352
-0.6365156173706055
-0.4286355972290039
-0.3907864987850189
-0.4287007749080658
-0.15092825889587402
-0.29418691992759705
4
0.0
0.21176470816135406
0.1921568661928177
0.22745098173618317
0.6452330946922302
0
