10
MFace 0.776470601559 0.972549021244 1.0 1.0 1.0 1.0
01_MLHand01_01 0.949019610882 0.439215689898 0.274509817362 1.0 1.0 1.0
01_MRHand01_01 0.949019610882 0.439215689898 0.274509817362 1.0 1.0 1.0
02_MLFoot03_01 0.250980407 0.243137255311 0.309803932905 0.811764717102 0.117647059262 0.0509803928435
02_MRFoot03_01 0.250980407 0.243137255311 0.309803932905 0.811764717102 0.117647059262 0.0509803928435
03_MLegs02_01 0.0862745121121 0.0862745121121 0.0980392172933 0.0 0.282352954149 0.57647061348
MTorso_GuildWhite 0.0 0.341176480055 0.541176497936 0.0 0.341176480055 0.592156887054
03_MHAccStrawHat_01 0.572549045086 0.243137255311 0.113725490868 0.984313726425 0.996078431606 1.0
MAccKI 1.0 1.0 1.0 1.0 1.0 1.0
MAccPlayerBook 1.0 1.0 1.0 1.0 1.0 1.0
0.898039221764 0.68235296011 0.509803950787
9
-0.301960766315
-0.00392156839371
-0.00392156839371
-0.00392156839371
-0.00392156839371
-0.00392156839371
-0.00392156839371
-0.00392156839371
-0.00392156839371
4
0.0
0.0
0.0
0.0
0.0
