9
MFace 0.517647087574 0.501960813999 0.0 0.0 0.494117647409 0.705882370472
01_MLHand01_01 0.843137264252 0.0980392172933 0.0901960805058 1.0 1.0 1.0
01_MRHand01_01 0.843137264252 0.0980392172933 0.0901960805058 1.0 1.0 1.0
02_MLFoot03_01 0.976470589638 0.972549021244 1.0 0.0196078438312 0.156862750649 0.866666674614
02_MRFoot03_01 0.976470589638 0.972549021244 1.0 0.0196078438312 0.156862750649 0.866666674614
02_MHAccGolfCap_01 0.474509805441 0.376470595598 0.360784322023 0.196078434587 0.549019634724 0.984313726425
02_MTorso12_02 0.196078434587 0.407843142748 0.988235294819 1.0 1.0 1.0
02_MLegs01_02 0.0 0.188235297799 0.580392181873 0.0823529437184 0.501960813999 0.933333337307
03_MAccGlasses03_01 0.0 0.494117647409 0.705882370472 1.0 1.0 1.0
0.874509811401 0.654901981354 0.494117647409
9
-0.278431355953
-0.341176450253
-0.443137228489
-0.584313750267
-0.678431391716
-0.129411756992
-0.309803903103
-0.537254929543
-0.443137228489
4
0.0
0.176470592618
0.215686276555
0.364705890417
0.529411792755
