8
MFace 0.3450980484485626 0.6313725709915161 0.38823533058166504 0.30588236451148987 0.6549019813537598 0.18431372940540314
01_MLHand01_01 1.0 1.0 1.0 1.0 1.0 1.0
01_MRHand01_01 0.5411764979362488 0.4627451002597809 0.0 1.0 1.0 1.0
02_MTorso12_01 1.0 0.9960784912109375 0.988235354423523 0.886274516582489 1.0 0.9843137264251709
03_MLFoot04_01 0.1882352977991104 0.5490196347236633 0.09803921729326248 0.14509804546833038 0.14509804546833038 0.16470588743686676
03_MRFoot04_01 0.1882352977991104 0.5490196347236633 0.09803921729326248 0.14509804546833038 0.14509804546833038 0.16470588743686676
01_MHair01_01 0.4901961088180542 0.45098042488098145 0.3960784673690796 0.05882352963089943 0.2666666805744171 0.9176470637321472
02_MLegs01_01 0.7254902124404907 0.0784313753247261 0.003921568859368563 0.9882352948188782 0.9960784316062927 1.0
0.772549033164978 0.5568627715110779 0.43529412150382996
9
0.5529412031173706
0.7106757760047913
-0.23137253522872925
-0.003921568393707275
0.18208391964435577
-0.30381345748901367
-0.46666663885116577
-0.18462109565734863
-0.031976062804460526
4
0.0
0.0
0.4334121644496918
0.3885546028614044
0.32166871428489685
0
