9
FFace 0.6078431606292725 0.46666666865348816 0.9333333373069763 1.0 1.0 1.0
02_FHair12 0.6196078658103943 0.5254902243614197 0.5058823823928833 0.4117647111415863 0.5607843399047852 1.0
01_FLHand01_01 0.9686274528503418 0.6196078658103943 1.0 0.9725490212440491 0.9882352948188782 0.5176470875740051
01_FRHand01_01 0.9686274528503418 0.6196078658103943 1.0 0.9725490212440491 0.9882352948188782 0.5176470875740051
03_FLFoot04_01 0.9921569228172302 1.0 1.0 0.9450980424880981 0.9411764740943909 0.35686275362968445
03_FRFoot04_01 0.9921569228172302 1.0 1.0 0.9450980424880981 0.9411764740943909 0.35686275362968445
Fan01_FTorso_BellyShirt 0.8196079134941101 0.7882353663444519 1.0 0.5176470875740051 0.0235294122248888 0.0
02_FLegs01_02 0.729411780834198 0.6117647290229797 1.0 0.5529412031173706 0.3686274588108063 0.5960784554481506
02_FAcc_Earring03 1.0 1.0 1.0 1.0 1.0 1.0
0.8392156958580017 0.658823549747467 0.5137255191802979
9
-0.3568626940250397
0.18650801479816437
0.3333333730697632
0.04330897331237793
-0.09024397283792496
0.3647059202194214
0.30980396270751953
-0.3333333134651184
0.3181630074977875
4
0.0
0.0
0.48286518454551697
0.5171348452568054
0.054901961237192154
1
