8
MFace 0.125490203499794 0.12156862765550613 0.1411764770746231 0.30588236451148987 0.6549019813537598 0.18431372940540314
01_MLHand01_01 1.0 1.0 1.0 1.0 1.0 1.0
01_MRHand01_01 0.5411764979362488 0.4627451002597809 0.0 1.0 1.0 1.0
01_MHair01_04 0.48235297203063965 0.3764706254005432 0.3607843220233917 0.05882352963089943 0.2666666805744171 0.9176470637321472
02_MTorso12_01 0.8235294818878174 0.7529412508010864 0.10588236153125763 0.886274516582489 1.0 0.9843137264251709
02_MLegs01_02 0.9803922176361084 1.0 0.9960784912109375 0.9882352948188782 0.9960784316062927 1.0
03_MLFoot04_01 0.1882352977991104 0.5490196347236633 0.09803921729326248 0.14509804546833038 0.14509804546833038 0.16470588743686676
03_MRFoot04_01 0.1882352977991104 0.5490196347236633 0.09803921729326248 0.14509804546833038 0.14509804546833038 0.16470588743686676
0.772549033164978 0.5568627715110779 0.43529412150382996
9
0.5529412031173706
0.16078436374664307
-0.23137253522872925
-0.003921568393707275
1.0
-0.24705880880355835
-0.46666663885116577
-0.2862744927406311
0.3333333730697632
4
0.0
0.1516222357749939
0.4901960790157318
0.0
0.054901961237192154
0
