8
FFace 0.0 0.5568627715110779 0.7921568751335144 1.0 1.0 1.0
01_FLHand01_01 0.9921568632125854 1.0 0.95686274766922 0.9960784316062927 0.9921568632125854 1.0
01_FRHand01_01 0.9921568632125854 1.0 0.95686274766922 0.9960784316062927 0.9921568632125854 1.0
02_FHair03_01 0.49803921580314636 0.2980392277240753 0.20000000298023224 1.0 1.0 1.0
02_FLegs01_02 0.5098039507865906 0.007843137718737125 0.0 0.0 0.0 0.0
Fan01_FTorso_BellyShirt 0.6549019813537598 0.04313725605607033 0.0 1.0 1.0 1.0
03_FLFoot04_01 0.9843137860298157 0.9960784912109375 1.0 0.15294118225574493 0.8941176533699036 0.9490196108818054
03_FRFoot04_01 0.9843137860298157 0.9960784912109375 1.0 0.15294118225574493 0.8941176533699036 0.9490196108818054
0.9333333373069763 0.7803921699523926 0.6117647290229797
9
-0.3568626940250397
-1.0
0.3333333730697632
0.2941683232784271
0.37254905700683594
-0.8972685933113098
-0.10975662618875504
-1.0
0.04583152011036873
4
0.0
0.5507851243019104
0.13978630304336548
0.3094285726547241
0.054901961237192154
1
