8
MFace 0.6509804129600525 0.3450980484485626 0.32549020648002625 0.30588236451148987 0.6549019813537598 0.18431372940540314
01_MLHand01_01 1.0 1.0 1.0 1.0 1.0 1.0
01_MRHand01_01 0.5411764979362488 0.4627451002597809 0.0 1.0 1.0 1.0
02_MTorso12_01 0.4117647409439087 0.729411780834198 0.2823529541492462 0.886274516582489 1.0 0.9843137264251709
03_MLFoot04_01 0.1882352977991104 0.5490196347236633 0.09803921729326248 0.14509804546833038 0.14509804546833038 0.16470588743686676
03_MRFoot04_01 0.1882352977991104 0.5490196347236633 0.09803921729326248 0.14509804546833038 0.14509804546833038 0.16470588743686676
02_MHair_Ponytail 0.4784314036369324 0.3529411852359772 0.33725491166114807 0.05882352963089943 0.2666666805744171 0.9176470637321472
02_MLegs01_01 0.9411765336990356 1.0 0.988235354423523 0.9882352948188782 0.9960784316062927 1.0
0.8549020290374756 0.6352941393852234 0.48235297203063965
9
0.5529412031173706
-0.6871034502983093
0.298757404088974
-0.13036203384399414
0.2987960875034332
-0.30381345748901367
0.2209290713071823
-0.18462109565734863
0.5321363806724548
4
0.0
0.0
1.0
0.0
0.23680055141448975
0
