9
FFace 0.9803921580314636 1.0 0.9960784316062927 0.45490196347236633 0.8470588326454163 1.0
01_FLHand01_01 0.9921568632125854 1.0 0.95686274766922 0.9960784316062927 0.9921568632125854 1.0
01_FRHand01_01 0.9921568632125854 1.0 0.95686274766922 0.9960784316062927 0.9921568632125854 1.0
02_FHair10 0.9686274528503418 0.8666666746139526 0.5843137502670288 0.4941176474094391 0.07450980693101883 0.0
FLegs_Shorts_TransDye 0.988235354423523 1.0 0.9960784912109375 0.08627451211214066 0.08627451211214066 0.09803921729326248
03_FLFoot04_01 0.9686274528503418 1.0 0.9960784316062927 0.9725490212440491 0.9725490212440491 1.0
03_FRFoot04_01 0.9686274528503418 1.0 0.9960784316062927 0.9725490212440491 0.9725490212440491 1.0
Fan01_FTorso_BellyShirt 0.6078431606292725 1.0 0.960784375667572 0.9843137264251709 1.0 1.0
02_FHair10_Wisp 0.9686274528503418 0.8666666746139526 0.5843137502670288 0.4941176474094391 0.07450980693101883 0.0
0.9411764740943909 0.8196078538894653 0.658823549747467
9
-0.3568626940250397
0.3029899597167969
0.3333333730697632
-0.427450954914093
0.37254905700683594
0.3647059202194214
0.30980396270751953
-0.3333333134651184
0.43529415130615234
4
0.0
0.24063807725906372
0.0
0.0
0.054901961237192154
1
