8
MFace 0.7137255072593689 0.7490196228027344 0.988235354423523 0.30588236451148987 0.6549019813537598 0.18431372940540314
01_MLHand01_01 1.0 1.0 1.0 1.0 1.0 1.0
01_MRHand01_01 0.5411764979362488 0.4627451002597809 0.0 1.0 1.0 1.0
02_MTorso12_01 0.19215688109397888 0.1411764770746231 0.9529412388801575 0.886274516582489 1.0 0.9843137264251709
03_MLFoot04_01 0.1882352977991104 0.5490196347236633 0.09803921729326248 0.14509804546833038 0.14509804546833038 0.16470588743686676
03_MRFoot04_01 0.1882352977991104 0.5490196347236633 0.09803921729326248 0.14509804546833038 0.14509804546833038 0.16470588743686676
01_MHair01_03 0.9372549653053284 0.8627451658248901 0.8117647767066956 0.05882352963089943 0.2666666805744171 0.9176470637321472
02_MLegs01_02 0.9294118285179138 0.9450981020927429 1.0 0.9882352948188782 0.9960784316062927 1.0
0.8549020290374756 0.6352941393852234 0.48235297203063965
9
0.5529412031173706
0.10885485261678696
-0.26535239815711975
-0.3812192380428314
0.24043886363506317
0.6654977202415466
-0.44044241309165955
-0.8160427212715149
0.5321363806724548
4
0.0
0.37816891074180603
0.43109211325645447
0.1907389611005783
0.23680055141448975
0
