9
FFace 0.3803921639919281 0.29411765933036804 0.04313725605607033 0.9215686321258545 0.6313725709915161 0.4000000059604645
01_FLHand01_01 1.0 0.9921569228172302 0.988235354423523 0.800000011920929 0.08627451211214066 0.04313725605607033
01_FRHand01_01 1.0 0.9921569228172302 0.988235354423523 0.800000011920929 0.08627451211214066 0.04313725605607033
Icon_FHair_Swept1 0.9921569228172302 0.6078431606292725 0.5568627715110779 0.3294117748737335 0.40392157435417175 0.8588235378265381
Fan01_FTorso_BellyShirt 0.9803922176361084 0.6980392336845398 1.0 0.27450981736183167 0.23137255012989044 0.6823529601097107
FLegs_Shorts_TransDye 0.0 0.6941176652908325 0.6901960968971252 0.4941176474094391 0.5686274766921997 1.0
03_FLFoot04_01 0.9960784316062927 1.0 0.9686274528503418 0.545098066329956 0.3333333432674408 0.3333333432674408
03_FRFoot04_01 0.9960784316062927 1.0 0.9686274528503418 0.545098066329956 0.3333333432674408 0.3333333432674408
FAcc_FHair_Swept1 0.9921569228172302 0.6078431606292725 0.5568627715110779 0.3294117748737335 0.40392157435417175 0.8588235378265381
0.7529411911964417 0.5568627715110779 0.38823530077934265
9
-0.34901952743530273
-0.18431371450424194
0.3333333730697632
-0.41960781812667847
0.37254905700683594
0.3647059202194214
0.30980396270751953
-0.32549017667770386
0.43529415130615234
4
0.0
0.0
0.48286518454551697
0.5171348452568054
0.054901961237192154
1
