10
FFace 0.4431372582912445 0.6000000238418579 0.529411792755127 0.09803921729326248 0.09803921729326248 0.11372549086809158
01_FLHand01_01 0.9921569228172302 0.9960784912109375 0.9921569228172302 1.0 1.0 1.0
01_FRHand01_01 0.9921569228172302 0.9960784912109375 0.9921569228172302 0.11372549086809158 0.10980392247438431 0.12156862765550613
03_FLFoot06 0.5568627715110779 0.019607843831181526 0.0 1.0 1.0 1.0
03_FRFoot06 0.5568627715110779 0.019607843831181526 0.0 1.0 1.0 1.0
02_FHair11 0.9764706492424011 0.8627451658248901 0.5686274766921997 0.5137255191802979 0.7568627595901489 0.2235294133424759
FReward_Catherine 0.003921568859368563 0.05098039656877518 0.501960813999176 0.6666666865348816 0.8392156958580017 0.29411765933036804
03_FLegs_Catherine 1.0 1.0 0.988235354423523 0.9882352948188782 1.0 0.9960784316062927
02_FAcc_Earring03 1.0 1.0 1.0 1.0 1.0 1.0
02_FHair11_Wisp 0.9764706492424011 0.8627451658248901 0.5686274766921997 0.5137255191802979 0.7568627595901489 0.2235294133424759
0.8470588326454163 0.6627451181411743 0.5137255191802979
9
-0.34901952743530273
-0.18431371450424194
0.3333333730697632
-0.41960781812667847
0.37254905700683594
0.3647059202194214
0.30980396270751953
-0.32549017667770386
0.43529415130615234
4
0.0
0.0
0.4901960790157318
0.0
0.054901961237192154
1
