8
MFace 0.7137255072593689 0.7490196228027344 0.9882352948188782 0.30588236451148987 0.6549019813537598 0.18431372940540314
01_MLHand01_01 0.5411764979362488 0.4627451002597809 0.0 1.0 1.0 1.0
01_MRHand01_01 0.5411764979362488 0.4627451002597809 0.0 1.0 1.0 1.0
01_MHair01_03 0.9372549057006836 0.8627451062202454 0.8117647171020508 0.05882352963089943 0.2666666805744171 0.9176470637321472
02_MLFoot03_01 0.988235354423523 0.9960784912109375 1.0 0.9921569228172302 1.0 1.0
02_MRFoot03_01 0.988235354423523 0.9960784912109375 1.0 0.9921569228172302 1.0 1.0
01_MLegs02_01 0.10588236153125763 0.10196079313755035 0.11764706671237946 0.7764706611633301 0.04313725605607033 0.02352941408753395
MReward_VestPlain 0.9647059440612793 0.9372549653053284 1.0 0.6274510025978088 0.007843137718737125 0.0
0.8549019694328308 0.6352941393852234 0.48235294222831726
9
0.5529412031173706
0.16078436374664307
-0.23137253522872925
-0.003921568393707275
1.0
-0.24705880880355835
-0.46666663885116577
-0.2862744927406311
0.3333333730697632
4
0.0
0.3764705955982208
0.4274509847164154
0.1882352977991104
0.23529411852359772
0
