8
MFace 0.7137255072593689 0.7490196228027344 0.9882352948188782 0.30588236451148987 0.6549019813537598 0.18431372940540314
01_MLHand01_01 1.0 1.0 1.0 1.0 1.0 1.0
01_MRHand01_01 0.5411764979362488 0.4627451002597809 0.0 1.0 1.0 1.0
01_MHair01_03 0.9372549057006836 0.8627451062202454 0.8117647171020508 0.05882352963089943 0.2666666805744171 0.9176470637321472
02_MLFoot03_01 0.9490196704864502 0.988235354423523 0.9294118285179138 0.6784313917160034 0.011764707043766975 0.0
02_MRFoot03_01 0.9490196704864502 0.988235354423523 0.9294118285179138 0.6784313917160034 0.011764707043766975 0.0
02_MTorso02_02 0.7803922295570374 0.0784313753247261 0.02352941408753395 0.886274516582489 1.0 0.9843137264251709
01_MLegs02_01 0.07450980693101883 0.0784313753247261 0.09019608050584793 0.9843137860298157 0.9960784912109375 1.0
0.8549019694328308 0.6352941393852234 0.48235294222831726
9
0.5529412031173706
0.16078436374664307
-0.23137253522872925
-0.003921568393707275
1.0
-0.24705880880355835
-0.46666663885116577
-0.2862744927406311
0.3333333730697632
4
0.0
0.3764705955982208
0.4274509847164154
0.1882352977991104
0.23529411852359772
0
