8
MFace 0.7137255072593689 0.7490196228027344 0.9882352948188782 0.30588236451148987 0.6549019813537598 0.18431372940540314
01_MLHand01_01 0.5411764979362488 0.4627451002597809 0.0 1.0 1.0 1.0
01_MRHand01_01 0.5411764979362488 0.4627451002597809 0.0 1.0 1.0 1.0
01_MHair01_03 0.9372549057006836 0.8627451062202454 0.8117647171020508 0.05882352963089943 0.2666666805744171 0.9176470637321472
02_MLFoot03_01 0.988235354423523 0.9960784912109375 1.0 0.09803922474384308 0.10196079313755035 0.11372549831867218
02_MRFoot03_01 0.988235354423523 0.9960784912109375 1.0 0.09803922474384308 0.10196079313755035 0.11372549831867218
MReward_TieDye 0.07450980693101883 0.0784313753247261 0.09019608050584793 1.0 0.9960784912109375 0.9764706492424011
02_MLegs01_01 0.917647123336792 0.9921569228172302 0.9529412388801575 0.0 0.686274528503418 0.658823549747467
0.8549019694328308 0.6352941393852234 0.48235294222831726
9
0.5529412031173706
0.16078436374664307
-0.23137253522872925
-0.003921568393707275
1.0
-0.24705880880355835
-0.46666663885116577
-0.2862744927406311
0.3333333730697632
4
0.0
0.3764705955982208
0.4274509847164154
0.1882352977991104
0.23529411852359772
0
