8
MFace 0.7137255072593689 0.7490196228027344 0.9882352948188782 0.30588236451148987 0.6549019813537598 0.18431372940540314
01_MLHand01_01 0.5411764979362488 0.4627451002597809 0.0 1.0 1.0 1.0
01_MRHand01_01 0.5411764979362488 0.4627451002597809 0.0 1.0 1.0 1.0
03_MTorso13_01 0.2823529541492462 0.6549019813537598 0.2039215862751007 0.988235354423523 1.0 0.9372549653053284
02_MLegs03_01 0.9568628072738647 0.7176470756530762 0.43529415130615234 0.988235354423523 0.9960784912109375 1.0
03_MHAccBeanie_01 0.9372549057006836 0.8627451062202454 0.8117647171020508 0.7764706611633301 0.5098039507865906 0.05882353335618973
01_MLFoot01_01 0.9490196704864502 0.6941176652908325 0.3176470696926117 0.9921569228172302 1.0 1.0
01_MRFoot01_01 0.9490196704864502 0.6941176652908325 0.3176470696926117 0.9921569228172302 1.0 1.0
0.8549019694328308 0.6352941393852234 0.48235294222831726
9
0.5529412031173706
0.16078436374664307
-0.23137253522872925
-0.003921568393707275
1.0
-0.24705880880355835
-0.46666663885116577
-0.2862744927406311
0.3333333730697632
4
0.0
0.3764705955982208
0.4274509847164154
0.1882352977991104
0.23529411852359772
0
