9
FFace 0.9843137860298157 0.9960784912109375 0.6705882549285889 0.45490196347236633 0.8470588326454163 1.0
01_FLHand01_01 0.7019608020782471 0.6745098233222961 0.01568627543747425 1.0 1.0 1.0
01_FRHand01_01 0.7019608020782471 0.6745098233222961 0.01568627543747425 0.11372549086809158 0.10980392247438431 0.12156862765550613
01_FLegs02_01 0.48235297203063965 0.7686275243759155 1.0 0.9921568632125854 1.0 1.0
02_FHair12 0.9725490808486938 0.9686275124549866 0.9490196704864502 0.4941176474094391 0.07450980693101883 0.0
FReward_PubJacket 0.45098039507865906 0.6470588445663452 0.05882352963089943 0.4156862795352936 0.5490196347236633 0.7490196228027344
01_FLFoot01_01 1.0 0.9058824181556702 0.7882353663444519 0.7137255072593689 0.6352941393852234 0.011764707043766975
01_FRFoot01_01 1.0 0.9058824181556702 0.7882353663444519 0.7137255072593689 0.6352941393852234 0.011764707043766975
02_FAcc_Earring03 1.0 1.0 1.0 1.0 1.0 1.0
0.9450981020927429 0.8980392813682556 0.7803922295570374
9
-0.34901952743530273
-0.18431371450424194
0.3333333730697632
-0.41960781812667847
0.37254905700683594
0.3647059202194214
0.30980396270751953
-0.32549017667770386
0.43529415130615234
4
0.0
0.0
0.4901960790157318
0.0
0.054901961237192154
1
