9
MFace 0.9725490808486938 0.9960784912109375 0.5843137502670288 0.30588236451148987 0.6549019813537598 0.18431372940540314
01_MLHand01_01 1.0 1.0 1.0 1.0 1.0 1.0
01_MRHand01_01 0.5411764979362488 0.4627451002597809 0.0 1.0 1.0 1.0
01_MLegs02_01 0.9098039865493774 0.8000000715255737 0.22745099663734436 0.6470588445663452 0.5686274766921997 0.0
MReward_PubJacket 0.32549020648002625 0.5490196347236633 1.0 1.0 1.0 1.0
01_MLFoot01_01 1.0 0.9960784912109375 0.8980392813682556 0.8627451658248901 0.7137255072593689 0.15294118225574493
01_MRFoot01_01 1.0 0.9960784912109375 0.8980392813682556 0.8627451658248901 0.7137255072593689 0.15294118225574493
02_MHair01_02 0.9843137860298157 0.9843137860298157 0.9686275124549866 0.05882352963089943 0.2666666805744171 0.9176470637321472
01_MFaceHair02_01 0.9843137860298157 0.9843137860298157 0.9686275124549866 1.0 1.0 1.0
0.9411765336990356 0.8784314393997192 0.7490196228027344
9
0.0038247902411967516
0.16078436374664307
-0.23137253522872925
-0.003921568393707275
1.0
-0.24705880880355835
-0.46666663885116577
-0.2862744927406311
0.3333333730697632
4
0.0
0.7176470756530762
0.27843138575553894
0.0
0.2823529541492462
0
