9
FFace 0.9843137860298157 0.9960784912109375 0.6705882549285889 0.45490196347236633 0.8470588326454163 1.0
01_FLHand01_01 0.7019608020782471 0.6745098233222961 0.01568627543747425 0.11372549086809158 0.10980392247438431 0.12156862765550613
01_FRHand01_01 0.7019608020782471 0.6745098233222961 0.01568627543747425 0.11372549086809158 0.10980392247438431 0.12156862765550613
02_FTorso11_01 0.9529412388801575 0.6235294342041016 1.0 0.9294118285179138 0.7058823704719543 1.0
02_FLegs01_02 0.572549045085907 0.0 0.6392157077789307 0.9921568632125854 1.0 1.0
03_FLFoot06 0.9490196704864502 0.37254902720451355 0.9843137860298157 0.7137255072593689 0.6352941393852234 0.011764707043766975
03_FRFoot06 0.9490196704864502 0.37254902720451355 0.9843137860298157 0.7137255072593689 0.6352941393852234 0.011764707043766975
03_FHAcc_DniFace 0.9725490808486938 0.9686275124549866 0.9490196704864502 0.8156863451004028 0.10588236153125763 0.8549020290374756
DniHelmet 0.9725490808486938 0.9686275124549866 0.9490196704864502 0.8156863451004028 0.10588236153125763 0.8549020290374756
0.9450981020927429 0.8980392813682556 0.7803922295570374
9
-0.34901952743530273
-0.18431371450424194
0.3333333730697632
-0.41960781812667847
0.37254905700683594
0.3647059202194214
0.30980396270751953
-0.32549017667770386
0.43529415130615234
4
0.0
0.0
0.4901960790157318
0.0
0.054901961237192154
1
