9
MFace 0.8509804606437683 0.8862745761871338 0.23137256503105164 0.9882352948188782 0.9960784316062927 0.9882352948188782
01_MLHand01_01 1.0 0.8039215803146362 0.5490196347236633 1.0 1.0 1.0
01_MRHand01_01 1.0 0.8039215803146362 0.5490196347236633 1.0 1.0 1.0
02_MTorso09_01 0.062745101749897 0.062745101749897 0.8784314393997192 0.0 0.05490196496248245 0.7215686440467834
02_MLegs01_02 0.0 0.0470588281750679 0.529411792755127 0.125490203499794 0.12941177189350128 0.1411764770746231
02_MLFoot01_01 0.34117648005485535 0.43529415130615234 1.0 0.960784375667572 1.0 0.9960784912109375
02_MRFoot01_01 0.34117648005485535 0.43529415130615234 1.0 0.960784375667572 1.0 0.9960784912109375
03_MHAcc_DniFace 0.960784375667572 0.9490196704864502 0.9058824181556702 0.18039216101169586 0.21176472306251526 0.9725490808486938
JBDniHelmet 0.960784375667572 0.9490196704864502 0.9058824181556702 0.18039216101169586 0.21176472306251526 0.9725490808486938
0.9411765336990356 0.8509804606437683 0.7058823704719543
9
0.07450985908508301
-0.9843137264251709
-0.06666666269302368
-0.4117646813392639
-0.15294116735458374
-0.9921568632125854
0.15294122695922852
0.686274528503418
-0.09019607305526733
4
0.0
0.1921568661928177
0.3843137323856354
0.41960784792900085
0.278272807598114
0
