13
FFace 0.7372549176216125 0.7254902124404907 1.0 0.8313725590705872 0.19607843458652496 0.0784313753247261
01_FLHand01_01 0.46666666865348816 0.40784314274787903 0.4000000059604645 1.0 1.0 1.0
01_FRHand01_01 0.46666666865348816 0.40784314274787903 0.4000000059604645 1.0 1.0 1.0
02_FLFoot03_01 0.0117647061124444 0.41960784792900085 0.47843137383461 0.0117647061124444 0.46666666865348816 0.4627451002597809
02_FRFoot03_01 0.0117647061124444 0.41960784792900085 0.47843137383461 0.0117647061124444 0.46666666865348816 0.4627451002597809
02_FHair10 0.545098066329956 0.22745098173618317 0.20392157137393951 1.0 1.0 1.0
02_FTorso12_03 0.0 0.6000000238418579 0.5764706134796143 0.3529411852359772 0.2705882489681244 0.5058823823928833
01_FLegs02_01 0.2549019753932953 0.24705882370471954 0.3176470696926117 0.0 0.0 0.0
02_FHair10_Wisp 0.545098066329956 0.22745098173618317 0.20392157137393951 1.0 1.0 1.0
FAccPlayerBook 1.0 1.0 1.0 1.0 1.0 1.0
02_FAcc_Choker02 1.0 1.0 1.0 1.0 1.0 1.0
01_FAccGlasses02_01 0.8313725590705872 0.19607843458652496 0.0784313753247261 1.0 1.0 1.0
FAccKI 1.0 1.0 1.0 1.0 1.0 1.0
0.9450980424880981 0.7843137383460999 0.6431372761726379
9
0
0
0
0
0
0
0
0
0
4
0.0
0.1764705926179886
0.21568627655506134
0.364705890417099
0.529411792755127
1
