10
MFace 0.49803921580314636 0.2980392277240753 0.20000000298023224 1.0 1.0 1.0
01_MLegs01_01 0.886274516582489 0.7647058963775635 0.1882352977991104 0.0 0.0 0.0
02_MTorso02_01 0.8235294222831726 0.4274509847164154 0.0941176488995552 1.0 1.0 1.0
01_MLFoot01_01 0.125490203499794 0.13333334028720856 0.1411764770746231 0.3764705955982208 0.4117647111415863 0.3843137323856354
01_MRFoot01_01 0.125490203499794 0.13333334028720856 0.1411764770746231 0.3764705955982208 0.4117647111415863 0.3843137323856354
01_MLHandGlove01_01 0.125490203499794 0.13333334028720856 0.1411764770746231 1.0 1.0 1.0
01_MRHandGlove01_01 0.125490203499794 0.13333334028720856 0.1411764770746231 1.0 1.0 1.0
03_MHAccStrawHat_01 0.49803921580314636 0.2980392277240753 0.20000000298023224 0.8117647171020508 0.6745098233222961 0.0941176488995552
MAccKI 1.0 1.0 1.0 1.0 1.0 1.0
MAccPlayerBook 1.0 1.0 1.0 1.0 1.0 1.0
0.9215686321258545 0.7529411911964417 0.5803921818733215
9
-0.2862744927406311
-0.3490195870399475
-0.45098036527633667
-1.0
-1.0
-0.13725489377975464
-0.3176470398902893
-1.0
-0.45098036527633667
4
0.0
0.1764705926179886
0.21568627655506134
0.364705890417099
0.529411792755127
0
