12
FFace 0.4431372582912445 0.6000000238418579 0.529411792755127 0.4901961088180542 0.6274510025978088 0.027450982481241226
03_FRFoot06 0.33725491166114807 0.6274510025978088 0.10588236153125763 1.0 1.0 1.0
03_FLFoot06 0.33725491166114807 0.6274510025978088 0.10588236153125763 1.0 1.0 1.0
01_FLegs02_01 0.2980392277240753 0.5137255191802979 0.019607843831181526 0.9882352948188782 1.0 0.9960784316062927
01_FLHand01_02 0.44705885648727417 0.6941176652908325 0.14509804546833038 0.11372549086809158 0.10980392247438431 0.12156862765550613
01_FRHand01_02 0.44705885648727417 0.6941176652908325 0.14509804546833038 0.11372549086809158 0.10980392247438431 0.12156862765550613
02_FTorso12_01 0.3607843220233917 0.5647059082984924 0.02352941408753395 1.0 1.0 1.0
02_FHair12 0.4745098054409027 0.01568627543747425 0.0117647061124444 0.5137255191802979 0.7568627595901489 0.2235294133424759
02_FAcc_Earring03 1.0 1.0 1.0 1.0 1.0 1.0
FAccKI 1.0 1.0 1.0 1.0 1.0 1.0
FAccPlayerBook 1.0 1.0 1.0 1.0 1.0 1.0
03_FAccGlasses03_01 0.4901961088180542 0.6274510025978088 0.027450982481241226 1.0 1.0 1.0
0.803921639919281 0.5803921818733215 0.44705885648727417
9
-0.3568626642227173
-0.18431371450424194
0.3333333730697632
-0.427450954914093
0.37254905700683594
0.3647059202194214
0.30980396270751953
-0.3333333134651184
0.43529415130615234
4
0.0
0.0
0.4901960790157318
0.0
0.054901961237192154
1
