11
MFace 0.49803921580314636 0.2980392277240753 0.20000000298023224 0.4078431725502014 0.7529412508010864 0.38431376218795776
02_MTorso12_01 0.23137256503105164 0.5372549295425415 0.05882353335618973 0.24705882370471954 0.15294118225574493 0.9607843160629272
01_MRHandGlove01_01 0.40000003576278687 0.7019608020782471 0.2039215862751007 1.0 1.0 1.0
01_MLHandGlove01_01 0.40000003576278687 0.7019608020782471 0.2039215862751007 1.0 1.0 1.0
MReward_PattysHat 0.4705882668495178 0.15294118225574493 0.1725490242242813 0.07450980693101883 0.07058823853731155 0.08627451211214066
01_MLegs02_01 0.2666666805744171 0.5960784554481506 0.10588236153125763 0.4705882668495178 0.019607843831181526 0.007843137718737125
03_MLFoot06 0.125490203499794 0.4705882668495178 0.05882353335618973 1.0 1.0 1.0
03_MRFoot06 0.125490203499794 0.4705882668495178 0.05882353335618973 1.0 1.0 1.0
03_MAccGlasses03_01 0.4078431725502014 0.7529412508010864 0.38431376218795776 1.0 1.0 1.0
MAccPlayerBook 1.0 1.0 1.0 1.0 1.0 1.0
MAccKI 1.0 1.0 1.0 1.0 1.0 1.0
0.7254902124404907 0.5137255191802979 0.40392160415649414
9
0.12941186130046844
-0.027450978755950928
-0.027450978755950928
-0.027450978755950928
-0.027450978755950928
-0.027450978755950928
-0.027450978755950928
-0.027450978755950928
-0.027450978755950928
4
0.0
0.0
0.0
0.0
0.0
0
