11
FFace 0.47058823704719543 0.239215686917305 0.007843137718737125 1.0 1.0 1.0
Icon_FHair_Swept1 0.9960784316062927 0.6823529601097107 0.6549019813537598 0.41960784792900085 0.03921568766236305 0.027450980618596077
01_FLHand01_01 0.41960784792900085 0.03529411926865578 0.027450980618596077 0.800000011920929 0.08627451211214066 0.04313725605607033
01_FRHand01_01 0.41960784792900085 0.03529411926865578 0.027450980618596077 0.800000011920929 0.08627451211214066 0.04313725605607033
01_FLegs01_01 0.2705882489681244 0.3176470696926117 0.5411764979362488 0.09019608050584793 0.09019608050584793 0.10196078568696976
FReward_LHikingBoot 0.4431372582912445 0.027450980618596077 0.019607843831181526 0.4313725531101227 0.0313725508749485 0.0235294122248888
FReward_RHikingBoot 0.4431372582912445 0.027450980618596077 0.019607843831181526 0.4313725531101227 0.0313725508749485 0.0235294122248888
02_FTorso05_01 0.9725490212440491 0.5490196347236633 0.545098066329956 0.29019609093666077 0.34117648005485535 0.529411792755127
FAcc_FHair_Swept1 0.9960784316062927 0.6823529601097107 0.6549019813537598 0.41960784792900085 0.03921568766236305 0.027450980618596077
FAccKI 1.0 1.0 1.0 1.0 1.0 1.0
FAccPlayerBook 1.0 1.0 1.0 1.0 1.0 1.0
0.9215686321258545 0.729411780834198 0.501960813999176
9
0
0
0
0
0
0
0
0
0
4
0.0
0.1764705926179886
0.21568627655506134
0.364705890417099
0.529411792755127
1
