11
FFace 0.47058823704719543 0.239215686917305 0.007843137718737125 1.0 1.0 1.0
01_FLegs01_01 0.9529411792755127 0.47843137383461 0.4745098054409027 0.6901960968971252 0.3019607961177826 0.2980392277240753
Icon_FHair_Swept1 0.9960784316062927 0.658823549747467 0.6549019813537598 0.9725490212440491 0.5529412031173706 0.545098066329956
FReward_RHikingBoot 0.0784313753247261 0.0784313753247261 0.09019608050584793 0.843137264251709 0.3960784375667572 0.10980392247438431
FReward_LHikingBoot 0.0784313753247261 0.0784313753247261 0.09019608050584793 0.843137264251709 0.3960784375667572 0.10980392247438431
03_FTorso10_01 0.9725490212440491 0.545098066329956 0.5411764979362488 0.572549045085907 0.32549020648002625 0.32549020648002625
01_FLHand01_02 0.9176470637321472 0.42352941632270813 0.40784314274787903 0.6117647290229797 0.35686275362968445 0.33725491166114807
01_FRHand01_02 0.9176470637321472 0.42352941632270813 0.40784314274787903 0.6117647290229797 0.35686275362968445 0.33725491166114807
FAcc_FHair_Swept1 0.9960784316062927 0.658823549747467 0.6549019813537598 0.9725490212440491 0.5529412031173706 0.545098066329956
FAccKI 1.0 1.0 1.0 1.0 1.0 1.0
FAccPlayerBook 1.0 1.0 1.0 1.0 1.0 1.0
0.8588235378265381 0.7058823704719543 0.5529412031173706
9
0
0
0
0
0
0
0
0
0
4
0.0
0.1764705926179886
0.21568627655506134
0.364705890417099
0.529411792755127
1
