9
FFace 0.47058823704719543 0.239215686917305 0.007843137718737125 1.0 1.0 1.0
01_FLHand01_01 0.7490196228027344 0.0235294122248888 0.0117647061124444 0.800000011920929 0.08627451211214066 0.04313725605607033
01_FRHand01_01 0.7490196228027344 0.0235294122248888 0.0117647061124444 0.800000011920929 0.08627451211214066 0.04313725605607033
01_FLegs01_01 0.4588235318660736 0.5647059082984924 0.9411764740943909 0.08627451211214066 0.09019608050584793 0.09803921729326248
FReward_LHikingBoot 0.9647058844566345 0.9764705896377563 1.0 0.9764705896377563 0.9764705896377563 1.0
FReward_RHikingBoot 0.9647058844566345 0.9764705896377563 1.0 0.9764705896377563 0.9764705896377563 1.0
Icon_FHair_Beret 0.9764705896377563 0.46666666865348816 0.4313725531101227 0.1764705926179886 0.3137255012989044 0.06666667014360428
02_FTorso05_01 0.9725490212440491 0.5568627715110779 0.545098066329956 0.16078431904315948 0.30588236451148987 0.07450980693101883
FAcc_FHair_Beret 0.9764705896377563 0.46666666865348816 0.4313725531101227 0.1764705926179886 0.3137255012989044 0.06666667014360428
0.7764706015586853 0.5490196347236633 0.41960784792900085
9
0
0
0
0
0
0
0
0
0
4
0.0
0.1764705926179886
0.21568627655506134
0.364705890417099
0.529411792755127
1
