10
MFace 0.49803921580314636 0.2980392277240753 0.20000000298023224 1.0 1.0 1.0
01_MLegs01_01 0.23529411852359772 0.22745098173618317 0.2235294133424759 0.0 0.0 0.0
01_MRFoot01_01 0.125490203499794 0.13333334028720856 0.1411764770746231 0.3764705955982208 0.4117647111415863 0.3843137323856354
01_MLFoot01_01 0.125490203499794 0.13333334028720856 0.1411764770746231 0.3764705955982208 0.4117647111415863 0.3843137323856354
01_MRHandGlove01_01 0.125490203499794 0.13333334028720856 0.1411764770746231 1.0 1.0 1.0
01_MLHandGlove01_01 0.125490203499794 0.13333334028720856 0.1411764770746231 1.0 1.0 1.0
02_MTorso02_01 0.800000011920929 0.14509804546833038 0.04313725605607033 1.0 1.0 1.0
03_MHAccBeanie_01 0.49803921580314636 0.2980392277240753 0.20000000298023224 0.9372549057006836 0.29019609093666077 0.22745098173618317
MAccPlayerBook 1.0 1.0 1.0 1.0 1.0 1.0
MAccKI 1.0 1.0 1.0 1.0 1.0 1.0
0.9215686321258545 0.7529411911964417 0.5803921818733215
9
-0.27843135595321655
-0.34117645025253296
-0.4431372284889221
-0.772549033164978
-0.8666666746139526
-0.1294117569923401
-0.30980390310287476
-0.7254902124404907
-0.4431372284889221
4
0.0
0.1764705926179886
0.21568627655506134
0.364705890417099
0.529411792755127
0
