11
MFace 0.4000000059604645 0.5607843399047852 0.3607843220233917 0.7921568751335144 0.239215686917305 0.04313725605607033
01_MLegs01_01 0.16862745583057404 0.1725490242242813 0.18431372940540314 0.0 0.0 0.0
01_MRHandGlove01_01 0.29019609093666077 0.27843138575553894 0.27450981736183167 1.0 1.0 1.0
01_MLHandGlove01_01 0.29019609093666077 0.27843138575553894 0.27450981736183167 1.0 1.0 1.0
01_MLFoot01_01 0.14901961386203766 0.13333334028720856 0.13333334028720856 0.47843137383461 0.47058823704719543 0.45490196347236633
01_MRFoot01_01 0.14901961386203766 0.13333334028720856 0.13333334028720856 0.47843137383461 0.47058823704719543 0.45490196347236633
02_MTorso02_01 0.8470588326454163 0.16862745583057404 0.09019608050584793 0.8235294222831726 0.40784314274787903 0.11372549086809158
MReward_Santa 0.2862745225429535 0.19607843458652496 0.16078431904315948 0.8941176533699036 0.19607843458652496 0.1568627506494522
MAcc_Santa 0.2862745225429535 0.19607843458652496 0.16078431904315948 0.8941176533699036 0.19607843458652496 0.1568627506494522
MAccKI 1.0 1.0 1.0 1.0 1.0 1.0
MAccPlayerBook 1.0 1.0 1.0 1.0 1.0 1.0
0.8156862854957581 0.615686297416687 0.47843137383461
9
-0.27843135595321655
-0.34117645025253296
-0.4431372284889221
-0.6549019813537598
-0.7490196228027344
-0.1294117569923401
-0.30980390310287476
-0.6078431606292725
-0.4431372284889221
4
0.0
0.1764705926179886
0.21568627655506134
0.364705890417099
0.529411792755127
0
