12
FFace 0.415686279535 0.674509823322 0.568627476692 0.470588237047 0.776470601559 0.364705890417
01_FLHand01_01 1.0 0.976470589638 0.964705884457 0.160784319043 0.61960786581 0.247058823705
01_FRHand01_01 1.0 0.976470589638 0.964705884457 0.160784319043 0.61960786581 0.247058823705
01_FRFoot01_01 0.988235294819 0.996078431606 1.0 0.984313726425 0.984313726425 1.0
01_FLFoot01_01 0.988235294819 0.996078431606 1.0 0.984313726425 0.984313726425 1.0
FReward_Pith 0.46274510026 0.160784319043 0.137254908681 0.992156863213 0.996078431606 1.0
FReward_Backpack 0.956862747669 0.992156863213 1.0 0.952941179276 0.949019610882 1.0
02_FLegs04_01 0.690196096897 0.956862747669 1.0 0.00392156885937 0.709803938866 0.819607853889
FAcc_PithHelmet 0.46274510026 0.160784319043 0.137254908681 0.992156863213 0.996078431606 1.0
FAccPlayerBook 1.0 1.0 1.0 1.0 1.0 1.0
FAccKI 1.0 1.0 1.0 1.0 1.0 1.0
02_FAcc_Earring03 1.0 1.0 1.0 1.0 1.0 1.0
0.850980401039 0.678431391716 0.529411792755
9
0.0
0.0
0.0
0.0
0.0
0.0
0.0
0.0
0.0
4
0.0
0.176470592618
0.215686276555
0.364705890417
0.529411792755
1
