10
MFace 0.49803921580314636 0.2980392277240753 0.20000000298023224 1.0 1.0 1.0
01_MLHand01_01 1.0 1.0 1.0 1.0 1.0 1.0
01_MRHand01_01 1.0 1.0 1.0 1.0 1.0 1.0
02_MLFoot03_01 1.0 0.9803921580314636 0.9137254953384399 0.5529412031173706 0.6078431606292725 0.4941176474094391
02_MRFoot03_01 1.0 0.9803921580314636 0.9137254953384399 0.5529412031173706 0.6078431606292725 0.4941176474094391
03_MHAccStrawHat_01 0.49803921580314636 0.2980392277240753 0.20000000298023224 1.0 1.0 1.0
02_MLegs01_01 0.5529412031173706 0.6117647290229797 0.6274510025978088 0.0 0.0 0.0
Fan01_MTorso_Tshirts_WOI 1.0 1.0 1.0 1.0 1.0 1.0
MAccPlayerBook 1.0 1.0 1.0 1.0 1.0 1.0
MAccKI 1.0 1.0 1.0 1.0 1.0 1.0
0.9215686321258545 0.7529411911964417 0.5803921818733215
9
-0.2862744927406311
-0.3490195870399475
-0.45098036527633667
-0.929411768913269
-1.0
-0.13725489377975464
-0.3176470398902893
-0.8823529481887817
-0.45098036527633667
4
0.0
0.1764705926179886
0.21568627655506134
0.364705890417099
0.529411792755127
0
