11
FFace 0.43137255311 0.709803938866 0.623529434204 0.454901963472 0.847058832645 1.0
01_FLHand01_01 1.0 0.960784316063 0.949019610882 0.996078431606 0.992156863213 1.0
01_FRHand01_01 1.0 0.960784316063 0.949019610882 0.996078431606 0.992156863213 1.0
02_FLegs03_01 0.988235354424 1.0 1.0 0.51372551918 0.572549045086 0.600000023842
02_FHair10 0.196078449488 0.180392161012 0.180392161012 0.686274528503 0.870588243008 0.384313732386
02_URFoot_Vans 0.98431378603 0.98431378603 1.0 1.0 0.956862747669 0.949019610882
02_ULFoot_Vans 0.98431378603 0.98431378603 1.0 1.0 0.956862747669 0.949019610882
FReward_PubJacket 0.95294123888 1.0 0.996078491211 0.666666686535 0.839215695858 0.29411765933
02_FAcc_Earring01 1.0 1.0 1.0 1.0 1.0 1.0
FAccPlayerBook 1.0 1.0 1.0 1.0 1.0 1.0
FAccKI 1.0 1.0 1.0 1.0 1.0 1.0
0.945098102093 0.925490260124 0.831372618675
9
-0.152941152453
-0.0122926235199
-0.0208423938602
0.689839184284
-0.420226424932
-0.0530002117157
0.336518645287
0.075115121901
0.504672944546
4
0.0
0.0
0.0
0.0
0.0509803928435
1
