10
MFace 0.49803921580314636 0.2980392277240753 0.20000000298023224 1.0 1.0 1.0
01_MLHand01_01 0.4588235318660736 0.6392157077789307 0.3686274588108063 1.0 1.0 1.0
01_MRHand01_01 0.4588235318660736 0.6392157077789307 0.3686274588108063 1.0 1.0 1.0
01_MLFoot01_01 0.125490203499794 0.13333334028720856 0.1411764770746231 0.3764705955982208 0.4117647111415863 0.3843137323856354
01_MRFoot01_01 0.125490203499794 0.13333334028720856 0.1411764770746231 0.3764705955982208 0.4117647111415863 0.3843137323856354
03_MHAccStrawHat_01 0.49803921580314636 0.2980392277240753 0.20000000298023224 0.8117647171020508 0.6745098233222961 0.0941176488995552
MReward_TieDye 0.003921568859368563 0.6039215922355652 0.4156862795352936 0.9333333373069763 0.8588235378265381 0.5058823823928833
03_MLegs02_02 0.6901960968971252 0.7647058963775635 0.4901960790157318 0.0 0.0 0.0
MAccKI 1.0 1.0 1.0 1.0 1.0 1.0
MAccPlayerBook 1.0 1.0 1.0 1.0 1.0 1.0
0.9215686321258545 0.7529411911964417 0.5803921818733215
9
-0.27843135595321655
-0.34117645025253296
-0.4431372284889221
-0.6549019813537598
-0.7490196228027344
-0.1294117569923401
-0.30980390310287476
-0.6078431606292725
-0.4431372284889221
4
0.0
0.1764705926179886
0.21568627655506134
0.364705890417099
0.529411792755127
0
