10
MFace 0.9490196704864502 1.0 0.9921569228172302 1.0 1.0 1.0
01_MLHand01_01 1.0 1.0 1.0 1.0 1.0 1.0
01_MRHand01_01 1.0 1.0 1.0 1.0 1.0 1.0
01_MHair01_01 0.16078431904315948 0.14509804546833038 0.15294118225574493 1.0 1.0 1.0
02_MLFoot03_01 0.988235354423523 0.9960784912109375 1.0 0.09803922474384308 0.09803922474384308 0.11372549831867218
02_MRFoot03_01 0.988235354423523 0.9960784912109375 1.0 0.09803922474384308 0.09803922474384308 0.11372549831867218
01_MLegs01_01 0.30980393290519714 0.8901961445808411 0.7137255072593689 0.0 0.0 0.0
02_MTorso02_03 0.988235354423523 0.9921569228172302 1.0 1.0 1.0 1.0
MAccPlayerBook 1.0 1.0 1.0 1.0 1.0 1.0
MAccKI 1.0 1.0 1.0 1.0 1.0 1.0
0.8117647767066956 0.5803921818733215 0.4392157196998596
9
0.18154971301555634
0.003921627998352051
-0.2549019455909729
-0.3737468719482422
0.14509809017181396
0.07450985908508301
0.15294122695922852
0.686274528503418
-0.2549019455909729
4
0.0
0.0
0.658823549747467
0.0
0.0
0
