12
FFace 0.4431372582912445 0.6000000238418579 0.529411792755127 0.09803921729326248 0.09803921729326248 0.11372549086809158
01_FLHand01_01 1.0 0.9607843160629272 0.9490196108818054 0.9960784316062927 0.9921568632125854 1.0
01_FRHand01_01 1.0 1.0 0.9843137264251709 0.11372549086809158 0.10980392247438431 0.12156862765550613
02_FLFoot03_01 0.09803922474384308 0.32156863808631897 0.07058823853731155 0.125490203499794 0.12941177189350128 0.1411764770746231
02_FRFoot03_01 0.09803922474384308 0.32156863808631897 0.07058823853731155 0.125490203499794 0.12941177189350128 0.1411764770746231
Icon_FHair_ShortMock1 0.9725490808486938 0.7764706611633301 0.46274513006210327 0.49803924560546875 0.4862745404243469 1.0
03_FTorso01_01 0.10196079313755035 0.5921568870544434 0.2392157018184662 0.5137255191802979 0.011764707043766975 0.8117647767066956
01_FLegs02_01 0.6000000238418579 0.10196079313755035 0.0 0.09019608050584793 0.4431372582912445 0.06666667014360428
02_FAcc_Earring03 1.0 1.0 1.0 1.0 1.0 1.0
FAccPlayerBook 1.0 1.0 1.0 1.0 1.0 1.0
FAccKI 1.0 1.0 1.0 1.0 1.0 1.0
FAcc_FHair_ShortMock1 0.9725490808486938 0.7764706611633301 0.46274513006210327 0.49803924560546875 0.4862745404243469 1.0
0.729411780834198 0.5137255191802979 0.40000003576278687
9
-0.4196077883243561
-1.0
-0.06666666269302368
-0.06666666269302368
-0.09019607305526733
0.027451038360595703
0.035294175148010254
0.301960825920105
-0.15294116735458374
4
0.0
0.0
0.658823549747467
0.0
0.0
1
