10
MFace 0.9490196704864502 1.0 0.9921569228172302 1.0 1.0 1.0
01_MLHand01_01 1.0 1.0 1.0 1.0 1.0 1.0
01_MRHand01_01 1.0 1.0 1.0 1.0 1.0 1.0
01_MHair01_01 0.16078431904315948 0.14509804546833038 0.15294118225574493 1.0 1.0 1.0
01_MLegs02_01 0.062745101749897 0.32549020648002625 0.15294118225574493 0.0 0.0 0.0
03_MTorso01_01 0.8235294818878174 0.12941177189350128 0.062745101749897 1.0 1.0 1.0
01_MLFoot01_01 0.529411792755127 0.007843137718737125 0.0 0.09803922474384308 0.09803922474384308 0.11372549831867218
01_MRFoot01_01 0.529411792755127 0.007843137718737125 0.0 0.09803922474384308 0.09803922474384308 0.11372549831867218
MAccPlayerBook 1.0 1.0 1.0 1.0 1.0 1.0
MAccKI 1.0 1.0 1.0 1.0 1.0 1.0
0.8117647767066956 0.5803921818733215 0.4392157196998596
9
0.18154971301555634
0.003921627998352051
-0.2549019455909729
-0.3737468719482422
0.14509809017181396
0.07450985908508301
0.15294122695922852
0.686274528503418
-0.2549019455909729
4
0.0
0.0
0.658823549747467
0.0
0.0
0
