11
FFace 0.890196084976 0.905882358551 1.0 1.0 1.0 1.0
01_FLHand01_01 1.0 1.0 1.0 1.0 1.0 1.0
01_FRHand01_01 1.0 1.0 1.0 1.0 1.0 1.0
02_FLegs01_02 0.631372570992 0.847058832645 1.0 0.0 0.0 0.0
Fan01_FTorso_BellyShirt 0.776470601559 0.878431379795 1.0 1.0 1.0 1.0
03_FLFoot04_01 1.0 1.0 1.0 1.0 1.0 1.0
Icon_FHair_ShortMock1 0.819607853889 0.988235294819 0.988235294819 1.0 1.0 1.0
03_FRFoot04_01 1.0 1.0 1.0 1.0 1.0 1.0
FAcc_FHair_ShortMock1 0.819607853889 0.988235294819 0.988235294819 1.0 1.0 1.0
FAccPlayerBook 1.0 1.0 1.0 1.0 1.0 1.0
FAccKI 1.0 1.0 1.0 1.0 1.0 1.0
0.699999988079 1.0 0.800000011921
9
0.0
0.0
0.0
0.0
0.0
0.0
0.0
0.0
0.0
4
0.0
0.176470592618
0.215686276555
0.364705890417
0.529411792755
1
