12
FFace 0.4431372582912445 0.6000000238418579 0.529411792755127 0.09803921729326248 0.09803921729326248 0.11372549086809158
02_FLFoot03_01 0.9058824181556702 0.9647059440612793 1.0 0.9686275124549866 0.8980392813682556 1.0
02_FRFoot03_01 0.9058824181556702 0.9647059440612793 1.0 0.9686275124549866 0.8980392813682556 1.0
01_FLHand01_03 0.9333333969116211 1.0 0.9843137860298157 0.11372549086809158 0.10980392247438431 0.12156862765550613
01_FRHand01_03 0.9333333969116211 1.0 0.9843137860298157 0.11372549086809158 0.10980392247438431 0.12156862765550613
02_FTorso09_01 0.40392160415649414 0.4117647409439087 0.0313725508749485 0.9921569228172302 0.988235354423523 1.0
01_FLegs02_01 0.44705885648727417 0.4274510145187378 0.01568627543747425 0.09019608050584793 0.4431372582912445 0.06666667014360428
FReward_Santa 0.7725490927696228 0.6666666865348816 0.06666667014360428 0.7843137979507446 0.7882353663444519 0.0941176563501358
02_FAcc_Earring03 1.0 1.0 1.0 1.0 1.0 1.0
FAcc_Santa 0.7725490927696228 0.6666666865348816 0.06666667014360428 0.7843137979507446 0.7882353663444519 0.0941176563501358
FAccPlayerBook 1.0 1.0 1.0 1.0 1.0 1.0
FAccKI 1.0 1.0 1.0 1.0 1.0 1.0
0.9450981020927429 0.917647123336792 0.8156863451004028
9
-0.0860755443572998
-1.0
-0.07450979948043823
-0.07450979948043823
-0.09803920984268188
0.027451038360595703
0.035294175148010254
0.301960825920105
-0.1607843041419983
4
0.0
0.0
0.658823549747467
0.0
0.0
1
