12
FFace 0.4431372582912445 0.6000000238418579 0.529411792755127 0.09803921729326248 0.09803921729326248 0.11372549086809158
02_FLFoot03_01 0.9725490808486938 1.0 0.9960784912109375 0.0941176563501358 0.3019607961177826 0.0784313753247261
02_FRFoot03_01 0.9725490808486938 1.0 0.9960784912109375 0.0941176563501358 0.3019607961177826 0.0784313753247261
01_FLHand01_03 0.960784375667572 1.0 0.9921569228172302 0.11372549086809158 0.10980392247438431 0.12156862765550613
01_FRHand01_03 0.960784375667572 1.0 0.9921569228172302 0.11372549086809158 0.10980392247438431 0.12156862765550613
02_FTorso09_01 0.09019608050584793 0.2980392277240753 0.09019608050584793 0.9921569228172302 0.988235354423523 1.0
01_FLegs02_01 0.09803922474384308 0.29411765933036804 0.08235294371843338 0.09019608050584793 0.4431372582912445 0.06666667014360428
FReward_Santa 0.09019608050584793 0.2980392277240753 0.09019608050584793 0.16078431904315948 0.5098039507865906 0.07450980693101883
02_FAcc_Earring03 1.0 1.0 1.0 1.0 1.0 1.0
FAcc_Santa 0.09019608050584793 0.2980392277240753 0.09019608050584793 0.16078431904315948 0.5098039507865906 0.07450980693101883
FAccPlayerBook 1.0 1.0 1.0 1.0 1.0 1.0
FAccKI 1.0 1.0 1.0 1.0 1.0 1.0
0.9450981020927429 0.917647123336792 0.8156863451004028
9
-0.0860755443572998
-1.0
-0.07450979948043823
-0.07450979948043823
-0.09803920984268188
0.027451038360595703
0.035294175148010254
0.301960825920105
-0.1607843041419983
4
0.0
0.0
0.658823549747467
0.0
0.0
1
