11
FFace 0.4431372582912445 0.6000000238418579 0.529411792755127 0.09803921729326248 0.09803921729326248 0.11372549086809158
02_FLFoot03_01 0.9725490808486938 1.0 0.9960784912109375 0.5686274766921997 0.02352941408753395 0.0
02_FRFoot03_01 0.9725490808486938 1.0 0.9960784912109375 0.5686274766921997 0.02352941408753395 0.0
01_FLHand01_03 0.960784375667572 1.0 0.9921569228172302 0.11372549086809158 0.10980392247438431 0.12156862765550613
01_FRHand01_03 0.960784375667572 1.0 0.9921569228172302 0.11372549086809158 0.10980392247438431 0.12156862765550613
FReward_Santa 0.9764706492424011 0.9647059440612793 0.9647059440612793 0.6196078658103943 0.0313725508749485 0.0
02_FTorso09_01 0.5333333611488342 0.02352941408753395 0.0 0.9921569228172302 0.988235354423523 1.0
01_FLegs02_01 0.5215686559677124 0.02352941408753395 0.0 0.09019608050584793 0.4431372582912445 0.06666667014360428
FAcc_Santa 0.9764706492424011 0.9647059440612793 0.9647059440612793 0.6196078658103943 0.0313725508749485 0.0
01_FAccGlasses01_01 1.0 1.0 1.0 1.0 1.0 1.0
02_FAcc_Earring03 1.0 1.0 1.0 1.0 1.0 1.0
0.8470588326454163 0.6627451181411743 0.5137255191802979
9
-0.4196077883243561
-1.0
-0.07450979948043823
-0.07450979948043823
-0.09803920984268188
0.027451038360595703
0.035294175148010254
0.301960825920105
-0.1607843041419983
4
0.0
0.0
0.658823549747467
0.0
0.0
1
