12
FFace 0.45098039507865906 0.27843138575553894 0.01568627543747425 1.0 1.0 1.0
01_FLegs01_01 0.47843137383461 0.7882353067398071 0.4117647111415863 0.658823549747467 0.32156863808631897 0.30980393290519714
01_FLHand01_01 0.615686297416687 0.3176470696926117 0.3137255012989044 0.9960784316062927 0.772549033164978 0.7411764860153198
01_FRHand01_01 0.615686297416687 0.3176470696926117 0.3137255012989044 0.9960784316062927 0.772549033164978 0.7411764860153198
FReward_Santa 0.9843137264251709 0.572549045085907 0.4941176474094391 0.32549020648002625 0.615686297416687 0.0941176488995552
FReward_LHikingBoot 0.07058823853731155 0.07058823853731155 0.08235294371843338 0.07058823853731155 0.07058823853731155 0.08627451211214066
FReward_RHikingBoot 0.07058823853731155 0.07058823853731155 0.08235294371843338 0.07058823853731155 0.07058823853731155 0.08627451211214066
02_FTorso05_01 1.0 0.5137255191802979 0.5098039507865906 0.5686274766921997 0.8196078538894653 0.4000000059604645
FAcc_Santa 0.9843137264251709 0.572549045085907 0.4941176474094391 0.32549020648002625 0.615686297416687 0.0941176488995552
FAccPlayerBook 1.0 1.0 1.0 1.0 1.0 1.0
FAccKI 1.0 1.0 1.0 1.0 1.0 1.0
02_FAcc_Choker02 1.0 1.0 1.0 1.0 1.0 1.0
0.9450980424880981 0.7803921699523926 0.6392157077789307
9
0
0
0
0
0
0
0
0
0
4
0.0
0.1764705926179886
0.21568627655506134
0.364705890417099
0.529411792755127
1
