11
FFace 0.4431372582912445 0.6000000238418579 0.529411792755127 0.09803921729326248 0.09803921729326248 0.11372549086809158
02_FLFoot03_01 0.9725490808486938 1.0 0.9960784912109375 0.9529412388801575 0.9647059440612793 1.0
02_FRFoot03_01 0.9725490808486938 1.0 0.9960784912109375 0.9529412388801575 0.9647059440612793 1.0
01_FLHand01_03 0.960784375667572 1.0 0.9921569228172302 0.11372549086809158 0.10980392247438431 0.12156862765550613
01_FRHand01_03 0.960784375667572 1.0 0.9921569228172302 0.11372549086809158 0.10980392247438431 0.12156862765550613
Icon_FHair_Curly1 0.9764706492424011 0.9647059440612793 0.9647059440612793 0.6196078658103943 0.0313725508749485 0.0
02_FLegs01_02 0.960784375667572 1.0 0.9960784912109375 0.09019608050584793 0.4431372582912445 0.06666667014360428
03_FTorso15_01 0.9568628072738647 1.0 0.9960784912109375 0.9921569228172302 0.988235354423523 1.0
FAcc_FHair_Curly1 0.9764706492424011 0.9647059440612793 0.9647059440612793 0.6196078658103943 0.0313725508749485 0.0
FAccKI 1.0 1.0 1.0 1.0 1.0 1.0
FAccPlayerBook 1.0 1.0 1.0 1.0 1.0 1.0
0.4000000059604645 0.8999999761581421 1.0
9
-0.4196077883243561
-1.0
-0.07450979948043823
-0.07450979948043823
-0.09803920984268188
0.027451038360595703
0.035294175148010254
0.301960825920105
-0.1607843041419983
4
0.0
0.0
0.658823549747467
0.0
0.0
1
