13
MFace 0.49803921580314636 0.2980392277240753 0.20000000298023224 1.0 1.0 1.0
02_MLFoot03_01 1.0 1.0 1.0 1.0 1.0 1.0
02_MRFoot03_01 1.0 1.0 1.0 1.0 1.0 1.0
03_MTorso04_01 0.6000000238418579 0.007843137718737125 0.0 1.0 0.9921569228172302 0.9843137860298157
01_MLHandGlove02_01 0.9490196704864502 1.0 0.9921569228172302 1.0 1.0 1.0
01_MRHandGlove02_01 0.9490196704864502 1.0 0.9921569228172302 1.0 1.0 1.0
01_MLegs02_01 0.5137255191802979 0.01568627543747425 0.0 0.8901961445808411 1.0 0.9686275124549866
MReward_Santa 0.8666667342185974 0.8117647767066956 0.7176470756530762 0.5137255191802979 0.011764707043766975 0.0
MAcc_Santa 0.8666667342185974 0.8117647767066956 0.7176470756530762 0.5137255191802979 0.011764707043766975 0.0
01_MFaceHair02_01 0.8666667342185974 0.8117647767066956 0.7176470756530762 1.0 1.0 1.0
01_MAccGlasses01_01 1.0 1.0 1.0 1.0 1.0 1.0
MAccKI 1.0 1.0 1.0 1.0 1.0 1.0
MAccPlayerBook 1.0 1.0 1.0 1.0 1.0 1.0
0.9215686917304993 0.8117647767066956 0.658823549747467
9
-1.0
-0.003921568393707275
-0.003921568393707275
-0.003921568393707275
-0.003921568393707275
-0.003921568393707275
-0.003921568393707275
-0.003921568393707275
-0.003921568393707275
4
0.0
0.0
0.0
0.0
0.0
0
