11
MFace 0.4156862795352936 0.46666666865348816 0.01568627543747425 1.0 1.0 1.0
01_MLHandGlove01_01 0.9450980424880981 0.686274528503418 0.42352941632270813 1.0 1.0 1.0
01_MRHandGlove01_01 0.9450980424880981 0.686274528503418 0.42352941632270813 1.0 1.0 1.0
03_AussieHat 0.3764705955982208 0.14901961386203766 0.1921568661928177 1.0 0.9490196108818054 0.5686274766921997
02_MTorso09_01 0.0941176488995552 0.2980392277240753 0.08235294371843338 0.42352941632270813 0.03921568766236305 0.0235294122248888
02_MLegs03_01 0.3921568691730499 0.30588236451148987 0.03921568766236305 0.0 0.0 0.0
02_MLFoot01_01 0.40392157435417175 0.32549020648002625 0.0313725508749485 1.0 1.0 1.0
02_MRFoot01_01 0.40392157435417175 0.32549020648002625 0.0313725508749485 1.0 1.0 1.0
MAccPlayerBook 1.0 1.0 1.0 1.0 1.0 1.0
01_MFaceHair02_01 0.3764705955982208 0.14901961386203766 0.1921568661928177 1.0 1.0 1.0
MAccKI 1.0 1.0 1.0 1.0 1.0 1.0
0.6784313917160034 0.48235294222831726 0.3843137323856354
9
-0.27843135595321655
-0.34117645025253296
-0.4431372284889221
-0.6549019813537598
-0.7490196228027344
-0.1294117569923401
-0.30980390310287476
-0.6078431606292725
-0.4431372284889221
4
0.0
0.1764705926179886
0.21568627655506134
0.364705890417099
0.529411792755127
0
