12
MFace 0.568627476692 1.0 0.968627512455 1.0 1.0 1.0
01_MLHand01_01 1.0 1.0 1.0 1.0 1.0 1.0
01_MRHand01_01 1.0 1.0 1.0 1.0 1.0 1.0
03_MLFoot04_01 1.0 1.0 1.0 1.0 1.0 1.0
03_MRFoot04_01 1.0 1.0 1.0 1.0 1.0 1.0
02_MLegs01_01 0.509803950787 0.117647066712 0.937254965305 0.988235354424 0.988235354424 1.0
MReward_Santa 0.964705944061 0.960784375668 0.949019670486 0.443137288094 0.113725498319 0.937254965305
02_MTorso12_01 0.364705890417 0.0 0.756862819195 1.0 1.0 1.0
MAcc_Santa 0.964705944061 0.960784375668 0.949019670486 0.443137288094 0.113725498319 0.937254965305
MAccPlayerBook 1.0 1.0 1.0 1.0 1.0 1.0
MAccKI 1.0 1.0 1.0 1.0 1.0 1.0
01_MFaceHair04_01 0.964705944061 0.960784375668 0.949019670486 1.0 1.0 1.0
0.5 0.5 1.0
9
-0.0654891356826
-0.00392156839371
-0.00392156839371
-0.00392156839371
-0.00392156839371
-0.00392156839371
-0.00392156839371
-0.00392156839371
-0.00392156839371
4
0.0
0.0
0.596078455448
0.0
0.58408665657
0
