12
MFace 0.568627476692 1.0 0.968627512455 1.0 1.0 1.0
01_MLHand01_01 1.0 1.0 1.0 1.0 1.0 1.0
01_MRHand01_01 1.0 1.0 1.0 1.0 1.0 1.0
03_MLFoot04_01 1.0 1.0 1.0 1.0 1.0 1.0
03_MRFoot04_01 1.0 1.0 1.0 1.0 1.0 1.0
MReward_Santa 0.964705944061 0.960784375668 0.949019670486 0.313725501299 0.40784317255 1.0
02_MTorso12_01 0.223529428244 0.254901975393 0.98431378603 1.0 1.0 1.0
02_MLegs01_02 0.0235294140875 0.0549019649625 0.835294187069 0.988235354424 0.988235354424 1.0
MAcc_Santa 0.964705944061 0.960784375668 0.949019670486 0.313725501299 0.40784317255 1.0
MAccPlayerBook 1.0 1.0 1.0 1.0 1.0 1.0
MAccKI 1.0 1.0 1.0 1.0 1.0 1.0
01_MFaceHair07_01 0.964705944061 0.960784375668 0.949019670486 1.0 1.0 1.0
0.5 0.5 1.0
9
-0.0654891356826
-0.00392156839371
-0.00392156839371
-0.00392156839371
-0.00392156839371
-0.00392156839371
-0.00392156839371
-0.00392156839371
-0.00392156839371
4
0.0
0.0
0.596078455448
0.0
0.58408665657
0
